/10/111,101111/1111111,1011/12,11111,1021111/1211,112111,1111111,1022211,102/121
111,1122111,111,1022222,10211/122,112111,102222,1011/1222222,1122111,1022,101111
/131,12211,121111,1131111,112221,1122111,111,1032221,10211,101111/1311111,122221
1,1211,1132222,11221,112111,1111111,1032111,1022211,1011/1221111,1122221,1121,11
111,102211,1021111,10/13111,122211,1221111,12,1132211,1122221,1121,11111,1033222
,103111,10222,1021111/1321,123111,122211,1221111,113222,1132211,113,1122221,1121
,11111,1033321,103111,102211,1021111/1322221,1233222,122211,1221111,1133333,1133
111,1132211,1122221,1121,11111,1033222,10321,102211,1021111/132111,1232111,12222
2,1222211,122,1211,1133221,1132222,11311,11221,212111,1111111,1033332,103221,103
2111,1022211,102,1011/1322111,1232221,1222222,1222,12211,121111,1133322,113211,1
131111,112221,2122111,111,1033211,1032221,1031,1022222,10211,101111/133,123111,1
13222,1121,103333,102211/1333333,1233222,1133111,1122221,1033,102211/1331111,123
2221,1231,12211,1133331,113211,1131111,112221,1122111,111,103322,1032221,1022,10
211,101111/1332222,1233332,1232111,1222211,1133221,1132222,1132,11221,112111,111
1111,103311,1032111,102222,1022211,1011/140,13111,12222,1221111,1132211,11111,10
42222,102211,100/1411,13221,132111,1311111,123221,1232111,2222211,122,1211,11422
21,1133311,1133221,1132222,11311,11221,212111,1111111,1043322,1041111,103221,103
2111,102222,1022211,1011/142,13311,132111,1241111,123221,1232111,122222,122,1211
,1142221,113332,1133221,11311,11221,212111,1043331,103221,1032111,102222,1022211
,102/1421111,1332211,1322221,1321,13111,1242222,1233321,1233222,12321,123111,122
22,222211,2221111,120,1143332,1142111,113321,1133111,113222,3132211,2122221,2121
,21111,1043221,1042222,1033321,1033222,10321,103111,10222,202211,2021111/1422222
,1333322,1322111,1243333,1233211,1232221,1222222,1222,121111,1143222,1133322,113
31,113211,112221,2122111,1043111,1033211,1032221,1022222,1022,10211/1441111,1342
221,1341,13311,1243331,124211,1241111,123221,1232111,122,1144441,114322,1142221,
113332,1133221,1132,11311,11221,112111,104433,1043331,103311,103221,1032111,1022
22,1011/1443333,1344443,1343222,1333322,1244332,1243333,1243111,1233211,1232221,
1222222,1144221,1143222,1143,1133331,1133322,11331,113211,112221,1122111,104411,
1043111,103322,1033211,1032221,1022,101111/141111,132221,1322111,131,1233211,123
2221,1222222,22211,121111,1143222,1133322,11322,113211,1131111,112221,2122111,11
1,1043333,1042211,1033211,1032221,1022,10211,101111/14211,133211,1331111,132221,
1322111,131,1242211,123322,1233211,2232221,1231,1222,22211,221111,1143321,114322
2,114111,1133331,1133322,11322,213211,2131111,212221,2122111,111,1044332,104222,
1042211,103331,1033211,2032221,1031,1022222,20211/1422211,1333221,1332222,13221,
132111,1311111,1243322,1233332,123311,123221,2232111,122222,2222211,2211,1144333
,1143211,1142221,1133311,2133221,2132222,1132,11311,21221,212111,1111111,1044222
,1043322,104211,1033332,10332,103221,2032111,2022211,102/1432111,1342221,1333221
,1332222,1332,13311,13221,132111,1243331,1243322,124211,1241111,1233332,123311,2
23221,3232111,122222,2222211,122,1211,1144432,114322,1143211,2142221,1141,113332
,1133311,3133221,2132222,1132,21311,21221,312111,1111111,1044321,1043331,1043322
,104211,1041111,1033332,103311,203221,2032111,102222,2022211,102,1011/1432221,13
43222,1333331,1333322,133211,1331111,132221,1322111,1244332,1243333,1243111,1242
211,123322,2233211,3232221,1231,1222222,1222,22211,121111,1144443,1144221,114332
1,2143222,11421,1133331,2133322,11331,11322,313211,2131111,212221,3122111,111,10
44332,1043333,104321,1043111,1042211,103322,2033211,2032221,1031,1022222,1022,20
211,101111/1442222,1343332,1342111,1332211,1244442,1243221,1242222,1242,1233321,
1233222,12321,123111,12222,1221111,1144331,1143332,114311,1142111,113321,1133111
,113222,2132211,1122221,1121,11111,104422,1043221,1042222,103333,1033321,1033,10
321,202211,1021111,100/1422,133211,1322111,124222,1233211,1232221,1231,1222222,1
2211,1143321,114111,1133322,113211,1131111,112221,1122111,1044422,1042211,104,10
3322,1032221,1022,101111/142222,1333221,132111,1244222,1233332,123221,1232111,12
22211,122,1144333,1143211,1133221,1132222,11311,11221,112111,1044444,1043322,104
22,103311,1032111,102222,1011/1431,134111,133211,1331111,124222,1242211,124,1233
22,1232221,1231,1222,12211,114333,1143321,114111,1133331,213211,1131111,112221,1
122111,1044431,104222,103322,1033211,1032221,1031,10211/1433332,1344333,1333221,
1332222,1244444,1244222,1243322,1233332,123311,1232111,122222,1222211,1144333,11
44111,1143211,2133221,1132222,1132,11221,112111,1044222,10431,1033332,103311,103
221,1032111,1022211/144,134111,124222,1231,114333,113211,104444,103322,1022/1444
444,1344333,1244222,1233332,1144111,1133221,1044,103311,102222/142211,1333111,13
3222,1332211,1322221,1321,13111,1243221,1233321,2233222,12321,223111,12222,22221
1,2221111,1144322,1143332,114221,1142111,1133333,113321,1133111,113222,3132211,1
13,2122221,2121,11111,1044433,1043311,1043221,1042222,10411,1033321,1033222,1032
1,103111,202211,1021111,100/143111,1342111,133222,1332211,133,1321,1243221,12422
22,12411,123333,1233321,12321,223111,222211,1221111,1144331,1143332,114221,11421
11,113321,1133111,213222,2132211,113,1122221,2121,11111,1044442,104332,1043221,1
033321,1033222,10321,203111,10222,102211,1021111/1433222,1343332,1333333,1333111
,1332211,1322221,1244433,1243221,1242222,1233321,2233222,1233,12321,222211,12211
11,1144322,1143332,114311,1142111,1133333,113321,2133111,113222,2132211,2122221,
1121,11111,1044211,1043221,1042,1033321,2033222,10321,103111,10222,102211,102111
1/151,14211,141111,13322,1331111,132221,1322111,131,1242211,123331,1233211,12322
21,22211,121111,1152222,1143321,1143222,11322,113211,1131111,212221,1122111,111,
1053332,1042211,103322,1033211,1032221,10211,101111/1511111,1422211,1411,1333311
,1332222,13221,132111,1311111,1243322,12332,123221,1232111,2222211,1211,1153333,
1143211,1142221,1133311,1133221,1132222,21221,112111,1111111,1053222,1043322,103
311,103221,1032111,1022211,1011/1531111,1442211,1432221,1431,14211,1352222,13433
21,1343222,13421,134111,1333331,13322,233211,2331111,132221,1322111,131,1253332,
1252111,1244431,1244332,124321,1243111,124222,3242211,123331,223322,2233211,3232
221,2231,1222,32211,121111,1154442,1153221,1152222,114432,1144221,114333,3143321
,2143222,11421,114111,2133331,1133322,11331,21322,413211,3131111,312221,2122111,
111,1054331,1053332,1044431,1044332,104321,1043111,104222,2042211,103331,203322,
2033211,3032221,1031,1022,20211,101111/1532222,1443322,1433332,1432111,1422211,1
353333,1344432,1344333,1343211,1342221,1333311,2333221,2332222,1332,13221,132111
,1311111,1254443,1253222,1244321,1244222,1243331,3243322,12431,124211,2233332,12
332,223311,223221,3232111,122222,3222211,1211,1154332,1153333,1153111,1144432,11
44333,114421,1144111,114322,3143211,2142221,113332,2133311,4133221,3132222,2132,
11311,31221,212111,1111111,1054221,1053222,1044321,1044222,1043331,2043322,10431
,104211,1033332,10332,203311,203221,3032111,102222,2022211,1011/1522111,1433211,
1432221,1422222,1422,14211,141111,1343321,1343222,2333322,13331,13322,233211,133
1111,232221,3322111,131,1253332,1244422,1244332,1243333,124321,1243111,124222,22
42211,123331,123322,4233211,4232221,1231,2222222,2222,32211,221111,1154433,11532
21,1152222,1144311,1144221,3143321,3143222,11421,114111,1133331,3133322,11331,21
322,413211,2131111,312221,4122111,111,1054322,1053332,1052111,1044422,1044332,10
43333,104321,1043111,104222,2042211,103331,103322,3033211,3032221,1031,1022222,1
022,20211,101111/152111,143221,1432111,142222,1422211,142,1411,1343211,1342221,1
33332,1333311,2333221,1332222,23311,23221,332111,1311111,1253222,1244321,1244222
,1243331,2243322,12422,124211,1241111,1233332,12332,123311,423221,4232111,222222
,3222211,222,2211,1154332,1153333,1152211,1144432,1144333,114331,114322,3143211,
3142221,113332,2133311,4133221,2132222,1132,31311,31221,412111,1111111,1054443,1
053321,1053222,1044321,1044222,1043331,2043322,10422,104211,1041111,1033332,1033
2,103311,303221,3032111,102222,2022211,102,1011/15111,14222,142211,1421111,140,1
33321,2332211,1322221,1321,23111,1243311,1243221,1242222,1233321,1233222,12321,1
23111,22222,222211,2221111,120,1153322,1144322,1143332,114221,1142111,11333,1133
21,1133111,113222,3132211,1122221,1121,21111,1054333,1052221,1043311,1043221,104
2222,1033321,1033222,10321,103111,10222,102211,1021111/1521,14321,143111,142211,
1421111,134221,1342111,133321,1333111,133222,2332211,133,1322221,2321,13111,1252
221,124332,1243311,2243221,1242222,12411,2233321,1233222,22321,323111,12222,3222
11,2221111,1153331,1153322,1151111,1144421,1144331,1144322,1143332,214221,214211
1,213321,1133111,313222,4132211,113,2122221,2121,11111,1054432,1052221,104332,10
43311,2043221,1042222,10411,103333,2033321,1033222,10321,203111,10222,202211,102
1111/1522221,1433321,1433222,142211,1421111,1344322,1343332,1333333,133321,13331
11,133222,2332211,2322221,1321,13111,1254333,1244433,1244211,1243311,2243221,124
2222,2233321,3233222,22321,123111,12222,322211,2221111,1154444,1154222,1153322,2
144322,2143332,11432,114311,114221,1142111,1133333,213321,3133111,113222,4132211
,2122221,2121,11111,1054333,1053211,1044433,1044211,1043311,2043221,1042222,1033
321,2033222,1033,20321,103111,10222,202211,1021111/15221,143311,143221,1432111,1
422211,1411,134322,1343211,1342221,1333311,2333221,1332222,1332,13311,23221,2321
11,1311111,1253321,1244321,1244222,1243331,2243322,224211,1241111,1233332,12332,
123311,323221,3232111,122222,3222211,122,1211,1154422,1154332,115222,1152211,114
4432,1144333,114331,114322,2143211,3142221,1141,113332,2133311,3133221,2132222,1
132,21311,21221,212111,1111111,1055433,1053321,1053222,105111,1044411,1044321,10
43331,2043322,10422,104211,1041111,1033332,103311,203221,2032111,102222,1022211,
1011/152221,143322,1433211,1432221,14211,141111,1344221,1343321,1343222,1333331,
1333322,13322,233211,1331111,232221,2322111,131,1254322,2244332,1243333,124321,1
243111,124222,2242211,123331,123322,3233211,3232221,1231,1222222,1222,32211,1211
11,1155333,1154433,1153311,1153221,1144443,1144311,1144221,2143321,3143222,11421
,114111,1133331,2133322,11331,21322,313211,2131111,212221,2122111,111,1055444,10
54322,1053332,105221,1044422,1044332,1043333,10433,104321,1043111,2042211,103322
,2033211,2032221,1031,1022,10211,101111/15311,144211,1441111,143221,1432111,142,
1352211,134322,1343211,2342221,1341,133332,1333221,1332,23311,13221,232111,12533
21,1253222,125111,124433,1244321,2243331,1243322,12422,224211,2241111,223311,323
221,3232111,222222,1222211,122,1211,1154431,1154332,115222,1152211,1144441,11444
32,114331,214322,2143211,3142221,1141,213332,1133311,3133221,1132222,1132,31311,
21221,212111,1055442,105333,1053321,104442,1044321,1044222,2043331,1043322,20421
1,1041111,1033332,10332,303221,2032111,1022211,102/1533322,1444332,1443333,14332
11,1432221,1422222,1354433,1344443,1344221,1343321,2343222,1333331,2333322,13331
,133211,132221,2322111,1255444,1254322,1253332,1244422,2244332,124411,2243333,12
4321,2243111,1242211,223322,3233211,3232221,1222222,2222,12211,121111,1155333,11
54433,1154211,1153221,1144443,1144311,2144221,2143321,3143222,1143,11421,1133331
,3133322,21331,11322,313211,1131111,212221,2122111,1055222,1054322,105311,204433
2,10442,1043333,104321,2043111,104222,1042211,103331,3033211,2032221,1031,102222
2,10211/153,14411,143111,1351111,134221,1342111,133222,133,1321,1252221,124332,1
243221,12411,123333,12321,223111,122211,1153331,114443,1144331,114221,1142111,11
3321,1133111,213222,1132211,113,1121,1054441,104332,1043221,103333,1033321,10321
,103111,102211/1533333,1444433,1433222,1354444,1344322,1343332,1333333,1333111,1
322221,1254333,1244433,1244211,1243221,1233321,2233222,1233,122211,1154222,11443
22,11441,1143332,114311,1133333,113321,2133111,113222,1132211,1122221,1054111,10
44211,1043221,1033321,1033222,1033,10321,102211/&
!1.0 +&
!4.11+&
!15.111111+&
!28.2+&
!45.211+&
!77.21111+&
!110.22+&
!133.222222+&
!161.31+&
!226.311111+&
!297.221111+&
!342.3111+&
!422.321+&
!517.322221+&
!620.32111+&
!742.322111+&
!868.33+&
!905.333333+&
!949.331111+&
!1051.332222+&
!1160.4+&
!1217.411+&
!1385.42+&
!1525.421111+&
!1753.422222+&
!1908.441111+&
!2088.443333+&
!2283.41111+&
!2452.4211+&
!2690.422211+&
!2937.432111+&
!3270.432221+&
!3611.442222+&
!3863.422+&
!4025.42222+&
!4190.431+&
!4376.433332+&
!4580.44+&
!4636.444444+&
!4703.42211+&
!4988.43111+&
!5249.433222+&
!5522.51+&
!5732.511111+&
!5952.531111+&
!6439.532222+&
!6944.522111+&
!7457.52111+&
!7968.5111+&
!8295.521+&
!8725.522221+&
!9171.5221+&
!9685.52221+&
!10200.5311+&
!10611.533322+&
!11208.53+&
!11455.533333














