/10/1~1;11,11;111111,13;0,1~3;0/12;11,10;2,10;0,1~2;111111/13;2,11;211,11;111111
,1~1;21111,1~1;11,1~3;2/14;111111,12;21111,12;11,10;221111,10;2,10;0,1~2;211,1~2
;111111,1~4;11/16;0,14;111111,12;222222,12;11,10;221111,10;0,1~2;22,1~2;111111,1
~4;11,1~6;0/15;11,13;221111,13;2,13;0,11;311111,11;22,11;211,21;111111,1~1;31,1~
1;222222,1~1;21111,2~1;11,1~3;221111,1~3;2,1~3;0,1~5;111111/14;211,12;31,12;2111
1,12;11,10;3111,10;221111,20;20,1~2;311111,1~2;211,1~2;111111,1~4;21111/14;22,12
;31,12;11,10;40,10;221111,10;2,10;0,1~2;311111,1~2;111111,1~4;222222/16;2,14;311
111,14;211,14;111111,12;322111,12;31,12;222222,22;21111,12;11,10;322221,10;321,1
0;3111,20;221111,20;2,1~2;32111,1~2;311111,1~2;22,2~2;211,1~2;111111,1~4;31,1~4;
21111,1~4;11,1~6;2/18;11,16;221111,16;2,16;0,14;332222,14;311111,14;22,14;211,24
;111111,12;422222,12;331111,12;322111,12;31,22;222222,12;21111,22;11,10;421111,1
0;333333,10;33,10;322221,10;321,30;221111,10;2,10;0,1~2;42,1~2;332222,1~2;32111,
1~2;311111,2~2;22,1~2;211,2~2;111111,1~4;331111,1~4;31,1~4;222222,1~4;21111,2~4;
11,1~6;221111,1~6;2,1~6;0,1~8;111111/16;221111,14;32111,14;311111,14;22,14;211,1
4;111111,12;41111,12;331111,12;322111,22;31,12;222222,22;21111,22;11,10;421111,1
0;40,10;322221,10;321,20;3111,30;221111,20;2,10;0,1~2;411,1~2;332222,1~2;32111,2
~2;311111,1~2;22,2~2;211,2~2;111111,1~4;322111,1~4;31,1~4;222222,1~4;21111,1~4;1
1,1~6;221111/16;3111,14;411,14;32111,14;311111,14;211,12;4211,12;41111,22;322111
,22;31,22;21111,10;42211,10;421111,10;4,10;322221,10;321,30;3111,20;221111,10;2,
1~2;422211,1~2;411,2~2;32111,2~2;311111,2~2;211,1~4;41111,1~4;322111,1~4;31,1~4;
21111,1~6;3111/16;4,14;411,14;311111,12;422,12;41111,12;322111,12;31,12;222222,1
0;42211,10;4,10;322221,10;321,10;3111,10;221111,1~2;42222,1~2;411,1~2;32111,1~2;
311111,1~2;22,1~4;41111,1~4;31,1~6;4/15;21111,13;3111,13;221111,13;2,11;32111,11
;311111,21;211,11;111111,1~1;322111,1~1;31,2~1;21111,1~1;11,1~3;3111,1~3;221111,
1~3;2,1~5;211/17;111111,15;222222,15;21111,15;11,13;322221,23;221111,13;2,13;0,1
1;332222,11;32111,11;311111,11;22,11;211,21;111111,1~1;331111,1~1;322111,1~1;31,
1~1;222222,1~1;21111,2~1;11,1~3;321,2~3;221111,1~3;2,1~3;0,1~5;22,1~5;211,1~5;11
1111,1~7;11/15;31,13;4,13;321,13;3111,13;221111,13;2,11;411,11;32111,21;311111,1
1;22,21;211,11;111111,1~1;41111,1~1;322111,2~1;31,1~1;222222,2~1;21111,1~1;11,1~
3;4,1~3;322221,1~3;3111,1~3;221111,1~3;2,1~5;311111/17;211,15;322111,15;31,15;21
111,15;11,13;421111,13;322221,13;321,23;3111,23;221111,23;2,11;422211,11;42,11;4
11,11;332222,21;32111,31;311111,11;22,31;211,11;111111,1~1;422222,1~1;4211,1~1;4
1111,1~1;331111,2~1;322111,3~1;31,1~1;222222,3~1;21111,1~1;11,1~3;421111,1~3;322
221,1~3;321,2~3;3111,2~3;221111,2~3;2,1~5;32111,1~5;311111,1~5;211,1~5;111111,1~
7;21111/18;21111,16;322221,16;3111,16;221111,16;2,14;422211,14;332222,24;32111,2
4;311111,24;211,14;111111,12;432221,12;422222,12;4211,12;41111,12;331111,32;3221
11,22;31,12;222222,32;21111,12;11,10;433222,10;43111,10;42211,20;421111,20;32222
1,20;321,30;3111,30;221111,20;2,1~2;432111,1~2;422211,1~2;42,1~2;411,1~2;332222,
3~2;32111,2~2;311111,1~2;22,3~2;211,1~2;111111,1~4;4211,1~4;331111,2~4;322111,2~
4;31,2~4;21111,1~4;11,1~6;321,1~6;3111,1~6;221111,1~6;2,1~8;211/19;2,17;311111,1
7;211,17;111111,15;422222,15;322111,15;31,15;222222,25;21111,15;11,13;433222,13;
421111,13;333333,23;322221,13;321,13;3111,23;221111,23;2,11;433332,11;432111,11;
422211,11;42,21;332222,21;32111,21;311111,11;22,21;211,11;111111,1~1;432221,1~1;
431,1~1;422222,1~1;4211,2~1;331111,2~1;322111,2~1;31,1~1;222222,2~1;21111,1~1;11
,1~3;43111,1~3;421111,1~3;33,1~3;322221,2~3;321,1~3;3111,2~3;221111,2~3;2,1~5;42
,1~5;32111,1~5;311111,1~5;22,2~5;211,1~5;111111,1~7;31,1~7;21111,1~7;11,1~9;2/17
;311111,15;41111,15;322111,15;31,15;222222,15;21111,13;42211,13;421111,13;4,23;3
22221,13;321,23;3111,23;221111,13;2,11;432111,11;42222,11;422211,21;411,11;33222
2,31;32111,31;311111,11;22,21;211,11;111111,1~1;432221,1~1;422,1~1;4211,2~1;4111
1,1~1;331111,3~1;322111,3~1;31,1~1;222222,2~1;21111,1~1;11,1~3;42211,1~3;421111,
1~3;4,1~3;322221,2~3;321,2~3;3111,2~3;221111,1~3;2,1~5;411,1~5;32111,1~5;311111,
1~5;22,1~5;211,1~7;31/&
!1.0+&
!4.11+&
!32.2111111+&
!59.2+&
!104.211+&
!175.22+&
!252.3211111+&
!380.311111+&
!472.4222222+&
!549.31+&
!739.4311111+&
!1077.4221111+&
!1373.41111+&
!1615.4+&
!1797.3111+&
!1934.321+&
!2172.4111111+&
!2372.421111+&
!2728.4211+&
!3184.42+&
!3678.411













