/10/1111111,111/12111111,11111/12222211,1221111,12111111,1211/1222222,1221111,12
2,11111,10/12222222,12221111,121111,12/13222221,13211111,1222211,12221111,12211,
121111,1111111,111/13322222,13222111,1311111,12222211,122211,12111111,1211/13333
222,13322211,13222221,1322111,13211111,13111,12222222,122222,12221111,1222,12111
1,12/13333321,1332222,13322211,1331111,13222221,1322111,13211111,1321,1222211,12
221111,12211,121111,1111111,111/1333333,1332222,1331111,133,1222211,12211,111111
1,111/13333332,13332221,13322222,13321111,1322221,13222111,132111,1311111,131,12
222211,122211,1221111,12111111,1211,11111/14222222,13222111,12222,1221111,11111,
10/14333322,14322221,14222222,14221111,13333211,13332221,13322222,1332211,133211
11,1322221,23222111,13221,132111,1311111,1222222,12222211,122211,2221111,122,121
11111,1211,11111/14333331,14322221,14311111,1333322,13332221,1332211,13321111,13
311,1322221,13222111,132111,1222222,12222211,12222,122211,2221111,122,12111111,1
211,11111/14333333,14332222,14222211,14111111,13333222,13332111,13322211,1322222
1,132221,1322111,13211111,13111,1222211,12221111,12211,121111,1111111,111/144333
32,14422222,14333221,14332222,14322111,1422222,14222211,1421111,13333321,1333322
2,1333221,13332111,23322211,133211,23222221,132221,2322111,23211111,1321,13111,1
2222222,122222,1222211,22221111,1222,12211,221111,12/14444442,14443331,14433332,
14432221,14422222,14421111,1433332,14333221,1432221,14322111,143111,1422222,1421
111,142,13333321,13333222,1333221,13332111,1332222,23322211,133211,1331111,13222
221,132221,2322111,13211111,1321,13111,12222222,122222,1222211,22221111,1222,122
11,221111,12/14444433,14443322,14433332,14432221,14333333,14333311,14333221,2433
2222,14331111,1432221,14322111,24222211,142211,1421111,14111111,1411,13333321,13
333222,1333221,13332111,1332222,23322211,133211,1331111,23222221,132221,2322111,
23211111,1321,13111,2222211,12221111,22211,121111,1111111,111/14443333,14433222,
14333322,14332211,14322221,14222222,1422211,14221111,141111,13333332,13333211,13
332221,1333111,13322222,133222,13321111,1322221,23222111,13221,132111,1311111,13
1,12222211,122211,1221111,12111111,1211/14444332,14433321,14433222,14422211,1433
3331,14333322,1433222,14332211,24322221,1432111,14311111,1422211,14221111,14211,
13333332,1333331,13333211,23332221,1333111,23322222,133222,1332211,23321111,1332
,2322221,23222111,13221,232111,2311111,131,22222211,222211,1221111,12111111,2211
/14444431,1443333,14433321,1442222,14422211,1441111,14333331,1433222,14322221,14
32111,14311111,1431,1333322,13333211,13332221,2332211,13321111,13311,1322221,132
22111,13221,132111,1222222,12222211,122211,2221111,122,12111111,1211,11111/14444
44,1443333,1442222,1441111,144,1333322,1332211,13311,1222222,12222,1221111,122,1
1111,10/14444422,14433321,1442222,14333322,14332211,14322221,1432111,14222222,14
221111,1422,1333322,13332221,1332211,13321111,13311,1322221,13222111,132111,1222
222,12222,2221111,122,11111,10/14444444,14443333,14442222,14333322,14332211,1422
2222,142222,14221111,141111,14,13332221,1332211,13222111,132111,1222222,12222,12
21111,122,11111,10/15433333,15333222,15222221,14433222,14333322,14333111,1433221
1,14322221,14222222,1422211,14221111,13333211,13332221,133321,13322222,1332211,1
3321111,1322221,23222111,13221,132111,1311111,12222211,12222,122211,1221111,1211
1111,1211,11111/15444333,15433322,15333332,15332221,15322222,15222111,14444222,1
4443322,14433332,14433211,14432221,14422222,14333333,14333311,24333221,24332222,
1433211,14331111,1432221,24322111,1422222,24222211,14222,142211,1421111,14111111
,13333321,23333222,133332,1333221,23332111,13331,1332222,33322211,133211,1331111
,23222221,232221,3322111,23211111,1321,23111,12222222,122222,1222211,22221111,12
22,12211,221111,12/15444432,15433331,15433322,15422221,15333332,15332221,1532222
2,15321111,14444321,14443331,14443322,14433332,1443322,14433211,24432221,1442222
2,1442211,14421111,1433332,14333311,34333221,24332222,1433211,14331111,2432221,3
4322111,14321,143111,1422222,24222211,142211,1421111,1333333,23333321,13333222,1
333311,2333221,23332111,3332222,43322211,13322,233211,3331111,133,33222221,23222
1,4322111,33211111,2321,13111,122222,3222211,22221111,1222,32211,221111,1111111,
111/15444443,15443332,15433333,15432222,15333321,15333222,15322211,15222221,1521
1111,14444332,14443333,14443221,14442222,14433321,24433222,14432111,14422211,143
33331,24333322,1433321,14333111,1433222,34332211,34322221,143221,1432111,1431111
1,14222222,142222,2422211,24221111,14211,141111,13333332,1333322,23333211,333322
21,133321,1333111,23322222,133222,3332211,33321111,13311,3322221,43222111,23221,
332111,2311111,131,1222222,22222211,12222,322211,3221111,122,12111111,2211,11111
/15333332,15322222,14333221,14332222,14322111,14222211,1333311,13332111,1332222,
13322211,13322,1331111,13222221,132221,1322111,13211111,2222211,12221111,22211,1
21111,1111111,111/15544444,15543333,15444333,15443222,15433322,15333332,15333211
,15332221,15322222,1522221,15222111,1511111,14444433,24443322,14442211,14433332,
14433211,14432221,14333333,14333311,24333221,34332222,143322,1433211,14331111,14
32221,24322111,34222211,242211,1421111,14111111,1411,13333321,13333222,1333311,1
333221,23332111,1332222,23322211,13322,133211,1331111,23222221,232221,2322111,23
211111,1321,13111,2222211,12221111,22211,121111,1111111,111/15544433,15533332,15
444322,15443332,15433333,15433221,15432222,15333321,25333222,15332111,1532222,15
322211,15222221,1522111,14444422,14444332,14443333,14443311,14443221,14442222,24
433321,24433222,1443221,14432111,14422211,14333331,34333322,1433321,14333111,143
3222,44332211,143311,44322221,143221,2432111,14311111,24222222,142222,2422211,34
221111,1422,14211,141111,13333332,1333331,1333322,23333211,33332221,133321,13331
11,23322222,133222,3332211,33321111,1332,13311,3322221,43222111,23221,332111,231
1111,131,1222222,12222211,12222,222211,2221111,122,12111111,1211,11111/15555444,
15554333,15544433,15543322,15444443,15444322,25443332,15442221,15433333,15433311
,15433221,15432222,15333321,25333222,1533221,15332111,25322211,15222221,152221,1
522111,15211111,15111,14444444,14444422,14444332,24443333,14443311,14443221,2444
2222,14441111,24433321,24433222,1443221,14432111,1442222,14422211,14333331,34333
322,143333,1433321,14333111,1433222,44332211,143311,34322221,143221,2432111,1431
1111,24222222,242222,2422211,34221111,1422,14211,241111,14,13333332,1333322,2333
3211,33332221,133321,1333111,13322222,133222,3332211,23321111,13311,2322221,3322
2111,23221,332111,1311111,131,1222222,12222211,12222,122211,2221111,122,12111111
,1211,11111/15444441,15433331,15422221,15411111,1444433,14443331,1443322,1443222
1,1442211,14421111,14411,1433332,14333221,1432221,14322111,143111,1333333,133333
21,1333311,1333221,13332111,2332222,13322211,13322,133211,2331111,133,13222221,1
32221,1322111,13211111,1321,2222211,12221111,22211,121111,1111111,111/15544442,1
5533332,15522222,15444331,15443332,15433221,15432222,15422111,1533333,15333321,1
532222,15322211,1531111,14444431,14444332,1444332,14443221,24433321,24433222,144
3221,14432111,24422211,144211,24333331,14333322,1433321,14333111,2433222,2433221
1,34322221,143221,2432111,24311111,1431,2422211,14221111,14211,13333332,1333331,
1333322,23333211,33332221,133321,2333111,23322222,233222,2332211,33321111,1332,1
3311,3322221,33222111,23221,332111,2311111,131,22222211,322211,1221111,12111111,
2211/15555543,15554432,15544442,15544433,15543331,15543322,15533332,15532221,154
44443,15444421,15444331,15444322,25443332,15442221,15433333,1543332,15433311,254
33221,25432222,15431111,1542221,15422111,25333321,15333222,1533221,15332111,1532
222,25322211,153211,1531111,15222221,1522111,15211111,1521,14444431,14444422,244
44332,14443333,1444332,14443311,24443221,14442222,1443333,44433321,34433222,2443
221,24432111,2442222,34422211,144211,1441111,24333331,34333322,2433321,14333111,
3433222,54332211,143311,54322221,243221,4432111,24311111,1431,14222222,142222,34
22211,34221111,1422,24211,141111,13333332,1333331,2333322,33333211,43332221,1333
21,2333111,23322222,233222,5332211,43321111,1332,23311,4322221,43222111,33221,43
2111,2311111,131,1222222,22222211,12222,322211,3221111,122,12111111,2211,11111/1
5555552,15554441,15544442,15543331,15533332,15532221,15522222,15521111,1544443,1
5444331,1543332,15433221,1542221,15422111,154111,1533333,1532222,1531111,153,144
44431,14444332,1444332,14443221,1443333,24433321,14433222,1443221,14432111,14422
22,24422211,144211,1441111,14333331,1433321,14333111,2433222,14332211,14322221,1
43221,2432111,14311111,1431,1422211,14211,13333332,1333331,1333322,13333211,2333
2221,133321,1333111,13322222,133222,2332211,23321111,1332,13311,2322221,23222111
,13221,232111,1311111,131,12222211,12222,222211,1221111,12111111,1211,11111/1555
555,1554444,1553333,1552222,1551111,155,1444433,1443322,1442211,14411,1333333,13
33311,1332222,13322,1331111,133,1222211,12211,1111111,111/15555541,1554444,15544
431,1553333,15533321,1552222,15522211,1551111,15444441,1544333,15433331,1543222,
15422221,1542111,15411111,1541,1444433,14444321,14443331,2443322,14433211,144322
21,2442211,14421111,14411,1433332,14333221,1433211,1432221,14322111,14321,143111
,1333333,13333321,1333311,1333221,13332111,2332222,13322211,13322,133211,2331111
,133,13222221,132221,1322111,13211111,1321,2222211,12221111,22211,121111,1111111
,111/15555532,15544431,15544422,1553333,15533321,1552222,15444432,15443321,15433
331,15433322,1543222,15432211,15422221,1542111,15333332,15332221,1533111,1532222
2,15321111,1532,1444433,14444321,14443331,14443322,2443322,14433211,24432221,244
2211,14421111,14411,1433332,14333311,24333221,14332222,1433211,14331111,2432221,
24322111,14321,143111,14222211,142211,1333333,13333321,1333311,1333221,13332111,
3332222,23322211,13322,133211,3331111,133,13222221,132221,2322111,13211111,1321,
2222211,12221111,22211,121111,1111111,111/15555442,15544431,15544332,15533321,15
533222,15522211,15444441,15444432,1544333,15443321,25433331,15433322,1543222,154
32211,25422221,1542111,15411111,1533322,15332221,1532211,15321111,15311,14444442
,1444442,14444321,14444222,24443331,14443322,1444222,24433332,1443331,1443322,24
433211,34432221,1443111,24422222,144222,1442211,24421111,1442,2433332,14333311,3
4333221,14332222,2433211,14331111,3432221,34322111,14321,243111,2422222,14222211
,14222,142211,2421111,142,23333321,23333222,133332,3333221,23332111,13331,133222
2,43322211,333211,1331111,23222221,232221,4322111,23211111,2321,23111,12222222,2
22222,1222211,22221111,2222,12211,221111,12/15555433,15544422,15544332,15533321,
15444432,15444333,15443321,15443222,15433331,25433322,1543222,15432211,15422221,
15333332,15333211,25332221,1533111,15322222,1532211,15321111,15222111,15221,1444
4433,14444411,14444321,14443331,24443322,14442211,24433332,1443331,1443322,14433
211,34432221,1443111,14422222,1442211,14421111,14333333,1433332,24333311,3433322
1,34332222,143322,1433211,24331111,1433,3432221,34322111,14321,143111,1422222,34
222211,242211,2421111,14111111,1411,23333321,13333222,1333311,2333221,23332111,2
332222,33322211,13322,233211,2331111,23222221,232221,3322111,23211111,2321,13111
,2222211,12221111,22211,121111,1111111,111/15554443,15544332,15543333,15533222,1
5444432,15444333,15443321,15443222,15433331,25433322,15432211,15422221,15333332,
1533322,15333211,25332221,15322222,1532211,15321111,1522221,15222111,152111,1444
4442,14444433,14444321,14444222,14443331,24443322,1444222,14442211,34433332,1443
331,24433211,34432221,1443111,24422222,144222,14421111,14333333,1433332,24333311
,44333221,34332222,143322,2433211,24331111,3432221,44322111,14321,143111,2422222
,34222211,14222,242211,3421111,142,14111111,1411,23333321,33333222,133332,333322
1,33332111,13331,1332222,53322211,333211,1331111,33222221,332221,5322111,3321111
1,2321,33111,12222222,222222,1222211,22221111,2222,12211,221111,12/15555554,1555
4443,15553332,15544444,15543333,15542222,15444432,15444333,15443321,15443222,154
33322,15432211,15333332,1533331,15333211,15332221,15322222,153222,15321111,15222
21,15222111,152111,1511111,151,14444433,14443331,24443322,14442211,14433332,1443
322,14433211,24432221,1442211,14333333,14333311,24333221,24332222,143322,1433211
,14331111,2432221,24322111,143111,24222211,242211,1421111,14111111,1411,1333333,
13333321,13333222,1333311,1333221,23332111,2332222,23322211,13322,133211,2331111
,133,13222221,232221,2322111,13211111,1321,13111,2222211,12221111,22211,121111,1
111111,111/&
!1.0 +&
!4.11+&
!16.2111111+&
!31.211+&
!62.22+&
!91.2+&
!119.3211111+&
!179.311111+&
!235.3111+&
!325.321+&
!432.33+&
!486.31+&
!602.4222222+&
!643.4221111+&
!817.4311111+&
!970.4111111+&
!1114.421111+&
!1333.42+&
!1613.411+&
!1902.41111+&
!2120.4211+&
!2401.431+&
!2635.44+&
!2728.422+&
!2911.4+&
!3059.5222221+&
!3296.5222111+&
!3699.5321111+&
!4164.5211111+&
!4641.5322222+&
!4818.511111+&
!5260.522111+&
!5831.5111+&
!6492.5411111+&
!6790.531111+&
!7285.521+&
!8079.53+&
!8636.55+&
!8778.541+&
!9205.532+&
!9722.5311+&
!10364.5221+&
!11003.52111+&
!11667.51

