/10/12;0,11;S1,111;21,11;2,11;1,10;2,10;0/111;0,11;1,10;21/12;S1,12;S0,1211;21,1
21;2,121;1,12;21,12;2,12;1,12;0,11;S31,11;S21,11;S2,21;S1,111;3,111;21,111;2,111
;1,111;0,11;31,11;3,11;21,21;2,21;1,11;0,10;31,10;21,10;2/1211;0,121;1,12;21,12;
1,11;S2,11;S1,11;S0,111;21,111;2,111;0,11;31,11;21,11;2,21;1,10;3,10;21,10;1/122
;0,121;1,12;2,12;0,11;S21,11;S1,111;21,111;1,11;31,11;2,11;1,11;0,10;42,10;2,10;
0/131;0,13;1,121;S1,12;S21,12;S2,22;S1,12;S0,122;21,1211;21,1211;2,1211;1,1211;0
,121;31,121;21,221;2,321;1,121;0,12;31,12;3,32;21,22;2,32;1,12;0,21;S31,11;S3,21
;S21,41;S2,41;S1,21;S0,111;42,111;31,111;3,211;21,311;2,211;1,211;0,11;41,31;31,
21;3,31;21,41;2,51;1,11;0,10;41,10;31,10;3,20;21,10;2,20;1/13;S1,13;S0,13111;21,
13111;1,1311;2,1311;1,1311;0,131;21,131;2,131;1,131;0,13;21,13;2,23;1,121;S31,12
1;S21,121;S2,221;S1,22;S31,12;S3,32;S21,42;S2,52;S1,22;S0,122;3,122;21,122;1,121
1;42,1211;31,1211;3,2211;21,3211;2,2211;1,2211;0,121;41,321;31,221;3,321;21,521;
2,521;1,221;0,12;41,32;31,32;3,52;21,42;2,62;1,12;0,11;S42,11;S41,11;S4,51;S31,3
1;S3,41;S21,81;S2,61;S1,31;S0,111;42,111;41,111;4,311;31,211;3,311;21,511;2,311;
1,211;0,11;42,21;41,11;4,51;31,41;3,51;21,61;2,61;1,11;0,10;41,20;31,20;3,20;21,
10;2,20;1/13111;0,1311;1,131;21,131;1,13;2,13;1,13;0,121;S2,121;S1,121;S0,12;S31
,22;S21,22;S2,32;S1,12;S0,122;2,122;0,1211;3,2211;21,1211;2,2211;1,1211;0,221;31
,121;3,221;21,321;2,421;1,121;0,12;42,22;31,12;3,22;21,52;2,32;1,32;0,11;S41,31;
S31,21;S3,41;S21,41;S2,61;S1,11;S0,111;41,211;31,211;3,411;21,211;2,311;1,11;42,
11;41,11;4,41;31,21;3,31;21,61;2,41;1,21;0,10;42,10;4,10;31,10;3,30;2,10;1,20;0/
14;0,13;S1,13111;2,13111;0,1311;21,1311;1,131;21,131;1,13;2,13;1,13;0,121;S31,12
1;S2,121;S1,121;S0,12;S31,12;S3,22;S21,32;S2,32;S1,12;S0,122;42,122;2,122;0,1211
;31,1211;3,2211;21,1211;2,2211;1,121;41,221;31,121;3,221;21,321;2,321;1,121;0,12
;42,12;4,22;31,12;3,12;21,52;2,22;1,32;0,11;S41,31;S31,31;S3,41;S21,31;S2,51;S1,
111;41,211;31,211;3,311;21,111;2,311;1,11;42,11;41,11;4,31;31,21;3,21;21,51;2,31
;1,21;0,10;42,10;4,10;31,30;2,20;0/1321;0,132;1,1311;1,131;21,131;2,131;1,131;0,
13;31,13;21,13;2,13;1,121;S21,121;S2,221;S1,121;S0,12;S31,12;S3,22;S21,32;S2,42;
S1,22;S0,122;21,122;2,122;1,122;0,1211;31,2211;21,2211;2,2211;1,1211;0,321;31,12
1;3,321;21,421;2,621;1,221;0,12;42,12;41,32;31,22;3,42;21,52;2,52;1,22;0,11;S42,
11;S41,41;S31,21;S3,51;S21,61;S2,61;S1,21;S0,111;42,111;41,211;31,211;3,311;21,4
11;2,411;1,211;0,11;52,11;42,21;41,11;4,51;31,31;3,41;21,61;2,61;1,21;0,10;51,10
;42,10;41,20;31,10;3,20;21,20;2,10;1/133;0,132;1,131;2,131;0,13;3,13;1,121;S21,1
21;S1,12;S31,12;S21,12;S2,12;S1,122;21,122;1,1211;2,1211;1,1211;0,121;31,121;21,
221;2,221;1,121;0,12;41,12;31,12;3,22;21,12;2,22;1,11;S42,11;S31,11;S3,11;S21,21
;S2,21;S1,21;S0,111;42,111;31,211;2,111;1,111;0,11;52,11;41,21;31,11;3,21;21,11;
2,21;1,10;63,10;41,10;3,10;21,10;1/131;S1,131;S0,13;S21,13;S2,23;S1,13;S0,1321;2
1,132;2,132;1,13111;21,13111;2,23111;1,13111;0,1311;31,1311;21,2311;2,3311;1,131
1;0,131;31,131;3,331;21,331;2,431;1,231;0,23;31,13;3,23;21,33;2,43;1,23;0,221;S3
1,121;S3,321;S21,421;S2,521;S1,221;S0,12;S42,12;S41,62;S31,32;S3,82;S21,*102;S2,
*112;S1,42;S0,122;31,122;3,222;21,222;2,222;1,122;0,1211;42,1211;41,3211;31,3211
;3,5211;21,6211;2,6211;1,3211;0,121;42,221;41,121;4,821;31,521;3,821;21,*1221;2,
*1221;1,421;0,22;42,32;41,12;4,82;31,62;3,92;21,*122;2,*112;1,42;0,11;S52,21;S42
,41;S41,21;S4,*111;S31,81;S3,*101;S21,*151;S2,*141;S1,51;S0,111;51,211;42,311;41
,111;4,711;31,511;3,711;21,911;2,711;1,211;0,11;52,11;51,31;42,51;41,21;4,*111;3
1,81;3,91;21,*131;2,*101;1,31;0,10;52,10;42,20;41,10;4,30;31,30;3,20;21,40;2,30;
1,10;0/1411;0,141;1,14;21,14;1,1311;S1,131;S21,131;S2,231;S1,131;S0,13;S31,23;S2
1,33;S2,43;S1,23;S0,1321;21,1321;2,1321;1,1321;0,132;31,132;21,132;2,232;1,132;0
,13111;31,13111;3,33111;21,23111;2,43111;1,13111;0,2311;31,1311;3,3311;21,5311;2
,6311;1,3311;0,131;42,331;31,231;3,531;21,731;2,731;1,431;0,13;41,43;31,23;3,53;
21,63;2,73;1,23;0,121;S41,521;S31,321;S3,621;S21,821;S2,*1021;S1,321;S0,22;S42,3
2;S41,12;S4,*122;S31,82;S3,*142;S21,*192;S2,*192;S1,72;S0,122;42,122;41,222;31,2
22;3,422;21,322;2,422;1,122;0,2211;42,2211;41,1211;4,7211;31,5211;3,8211;21,*122
11;2,*10211;1,5211;0,121;52,321;42,521;41,221;4,*1521;31,*1021;3,*1421;21,*2021;
2,*1921;1,621;0,12;52,12;51,32;42,62;41,22;4,*152;31,*122;3,*162;21,*182;2,*182;
1,42;0,11;S52,11;S51,51;S42,81;S41,41;S4,*191;S31,*131;S3,*161;S21,*261;S2,*201;
S1,81;S0,111;52,111;51,411;42,511;41,311;4,*1111;31,811;3,911;21,*1511;2,*1011;1
,511;0,21;52,21;51,11;5,41;42,91;41,41;4,*171;31,*131;3,*141;21,*191;2,*161;1,41
;0,10;52,10;51,10;5,10;42,30;41,10;4,50;31,50;3,50;21,40;2,50;1/142;0,141;1,14;2
,14;0,132;S1,131;S21,131;S2,231;S1,131;S0,13;S31,13;S3,23;S21,23;S2,33;S1,13;S0,
133;21,1321;21,1321;2,1321;1,1321;0,132;31,132;21,232;2,332;1,132;0,13111;31,131
11;21,33111;2,23111;1,23111;0,2311;31,1311;3,3311;21,3311;2,5311;1,1311;0,131;41
,331;31,231;3,631;21,531;2,731;1,231;0,13;42,13;41,13;4,43;31,23;3,33;21,63;2,53
;1,23;0,121;S42,421;S31,221;S3,521;S21,821;S2,821;S1,421;S0,22;S42,32;S41,12;S4,
*102;S31,72;S3,*112;S21,*152;S2,*152;S1,62;S0,122;42,222;31,122;3,222;21,522;2,3
22;1,322;0,1211;42,2211;41,6211;31,4211;3,7211;21,8211;2,9211;1,2211;0,121;52,22
1;42,421;41,121;4,*1221;31,821;3,*1221;21,*1621;2,*1621;1,521;0,12;52,12;51,52;4
2,52;41,32;4,*122;31,82;3,92;21,*182;2,*122;1,72;0,21;S52,11;S51,31;S42,71;S41,2
1;S4,*151;S31,*111;S3,*151;S21,*171;S2,*171;S1,41;S0,111;63,111;52,111;51,211;42
,511;41,111;4,811;31,711;3,911;21,911;2,*1011;1,111;0,11;62,31;52,21;51,51;42,71
;41,41;4,*131;31,91;3,91;21,*161;2,*111;1,51;0,10;62,10;52,10;51,30;42,20;41,20;
4,40;31,20;3,10;21,60;2,20;1,20;0/14111;1,14111;0,1411;21,1411;1,141;2,141;1,141
;0,14;2,14;1,14;0,1311;S2,1311;S1,1311;S0,131;S31,231;S21,231;S2,331;S1,131;S0,2
3;S31,13;S3,43;S21,43;S2,63;S1,23;S0,1321;3,1321;21,1321;2,2321;1,1321;0,132;31,
132;3,132;21,232;2,232;1,132;0,13111;42,23111;31,13111;3,33111;21,53111;2,43111;
1,33111;0,1311;41,4311;31,2311;3,5311;21,6311;2,8311;1,2311;0,131;42,131;41,531;
31,431;3,731;21,831;2,931;1,331;0,13;42,13;41,53;31,33;3,53;21,83;2,73;1,33;0,12
1;S42,221;S41,121;S4,721;S31,421;S3,721;S21,*1121;S2,*1021;S1,421;S0,12;S52,32;S
42,52;S41,22;S4,*152;S31,*112;S3,*152;S21,*222;S2,*212;S1,82;S0,122;42,122;41,12
2;4,322;31,222;3,322;21,522;2,322;1,222;0,1211;51,2211;42,4211;41,1211;4,9211;31
,7211;3,*11211;21,*11211;2,*11211;1,2211;0,121;52,121;51,421;42,721;41,421;4,*17
21;31,*1221;3,*1521;21,*2221;2,*1821;1,621;0,12;52,12;51,52;42,72;41,42;4,*162;3
1,*112;3,*132;21,*222;2,*152;1,72;0,21;S52,21;S51,11;S5,51;S42,*101;S41,41;S4,*2
01;S31,*151;S3,*161;S21,*221;S2,*181;S1,41;S0,211;52,111;51,111;5,311;42,611;41,
311;4,*1111;31,*1111;3,911;21,*1211;2,*1111;1,311;0,21;52,21;51,11;5,51;42,91;41
,51;4,*161;31,*131;3,*111;21,*191;2,*131;1,51;0,10;51,20;42,30;41,20;4,50;31,20;
3,30;21,60;2,20;1,10;0,11;S31,11;S3,21;S21,11;S2,21;S1/14;S1,14;S0,14111;21,1411
1;2,24111;1,14111;0,1411;21,1411;2,2411;1,1411;0,141;21,141;2,241;1,141;0,14;21,
14;2,24;1,14;0,1311;S31,1311;S21,1311;S2,2311;S1,1311;S0,231;S31,131;S3,331;S21,
431;S2,531;S1,231;S0,43;S31,23;S3,63;S21,83;S2,*103;S1,43;S0,1321;42,1321;31,132
1;3,2321;21,2321;2,2321;1,1321;0,132;41,232;31,132;3,232;21,332;2,332;1,132;0,13
111;42,13111;41,43111;31,33111;3,63111;21,83111;2,83111;1,33111;0,1311;42,2311;4
1,7311;31,4311;3,8311;21,*11311;2,*11311;1,4311;0,231;42,231;41,131;4,831;31,631
;3,*1031;21,*1331;2,*1331;1,531;0,13;42,23;41,13;4,73;31,53;3,83;21,*113;2,*113;
1,43;0,121;S52,221;S42,421;S41,221;S4,*1221;S31,821;S3,*1121;S21,*1621;S2,*1521;
S1,521;S0,12;S52,12;S51,52;S42,92;S41,42;S4,*242;S31,*182;S3,*232;S21,*332;S2,*2
92;S1,*102;S0,122;51,222;42,222;41,122;4,522;31,422;3,522;21,622;2,522;1,222;0,1
211;52,1211;51,4211;42,6211;41,3211;4,*14211;31,*11211;3,*13211;21,*18211;2,*152
11;1,5211;0,221;52,221;51,121;5,621;42,*1221;41,621;4,*2521;31,*1921;3,*2121;21,
*3121;2,*2521;1,821;0,22;52,22;51,12;5,62;42,*112;41,62;4,*232;31,*182;3,*192;21
,*282;2,*222;1,72;0,31;S52,31;S51,11;S5,81;S42,*151;S41,81;S4,*291;S31,*231;S3,*
231;S21,*341;S2,*261;S1,81;S0,211;52,211;51,111;5,511;42,911;41,511;4,*1611;31,*
1311;3,*1211;21,*1811;2,*1311;1,411;0,31;52,31;51,11;5,71;42,*131;41,71;4,*221;3
1,*181;3,*161;21,*241;2,*171;1,51;0,10;52,10;51,20;42,40;41,20;4,60;31,50;3,40;2
1,60;2,40;1,10;0/1411;0,141;31,141;21,241;2,241;1,141;0,14;31,14;3,24;21,14;2,24
;1,132;S2,132;S1,132;S0,1311;S21,1311;S2,2311;S1,1311;S0,231;S31,131;S3,431;S21,
531;S2,731;S1,331;S0,13;S42,13;S41,53;S31,33;S3,63;S21,93;S2,93;S1,43;S0,133;2,1
33;0,1321;31,1321;3,3321;21,3321;2,4321;1,2321;0,332;31,232;3,432;21,532;2,732;1
,232;0,13111;41,43111;31,33111;3,73111;21,63111;2,93111;1,23111;0,1311;42,1311;4
1,1311;4,8311;31,4311;3,8311;21,*13311;2,*13311;1,6311;0,331;42,331;41,131;4,*11
31;31,731;3,*1231;21,*1931;2,*1631;1,831;0,13;52,23;42,43;41,13;4,*113;31,83;3,*
113;21,*133;2,*143;1,33;0,221;S42,421;S41,121;S4,*1321;S31,921;S3,*1621;S21,*192
1;S2,*2121;S1,621;S0,22;S52,12;S51,72;S42,*112;S41,42;S4,*292;S31,*202;S3,*282;S
21,*392;S2,*352;S1,*122;S0,322;41,622;31,522;3,822;21,722;2,922;1,122;0,1211;52,
1211;51,5211;42,6211;41,3211;4,*16211;31,*11211;3,*15211;21,*23211;2,*18211;1,82
11;0,321;52,221;51,821;42,*1321;41,621;4,*3121;31,*2121;3,*2621;21,*3921;2,*3221
;1,*1121;0,12;63,42;52,32;51,12;5,72;42,*162;41,52;4,*292;31,*232;3,*272;21,*312
;2,*292;1,62;0,11;S62,51;S52,41;S51,11;S5,*121;S42,*171;S41,91;S4,*351;S31,*251;
S3,*261;S21,*431;S2,*311;S1,*121;S0,111;62,311;52,311;51,111;5,811;42,*1011;41,6
11;4,*1911;31,*1411;3,*1311;21,*2411;2,*1511;1,711;0,11;63,11;62,11;61,61;52,51;
51,21;5,81;42,*171;41,81;4,*271;31,*221;3,*211;21,*271;2,*221;1,51;0,10;63,10;61
,20;52,20;51,10;5,10;42,60;41,20;4,70;31,70;3,70;21,50;2,60;1,14211;0,1421;1,142
;21,142;1,14111;1,1411;21,1411;2,1411;1/1431;0,143;1,1421;1,142;21,142;2,142;1,1
42;0,1411;2,1411;0,141;31,141;3,141;21,141;2,241;1,14;41,14;31,14;3,14;21,14;2,1
4;1,132;S21,132;S2,232;S1,132;S0,1311;S21,1311;S1,231;S31,131;S3,331;S21,431;S2,
531;S1,231;S0,13;S42,13;S41,13;S4,43;S31,33;S3,43;S21,63;S2,53;S1,23;S0,133;21,1
33;2,133;1,133;0,1321;31,2321;21,3321;2,3321;1,2321;0,332;31,132;3,432;21,532;2,
732;1,232;0,13111;41,33111;31,23111;3,43111;21,43111;2,53111;1,13111;0,1311;42,1
311;41,5311;31,3311;3,5311;21,8311;2,8311;1,3311;0,231;42,331;41,131;4,831;31,53
1;3,931;21,*1331;2,*1131;1,531;0,13;52,13;51,23;42,43;41,23;4,83;31,63;3,73;21,9
3;2,83;1,23;0,221;S42,221;S41,921;S31,621;S3,*1121;S21,*1321;S2,*1421;S1,521;S0,
22;S52,12;S51,52;S42,82;S41,32;S4,*192;S31,*132;S3,*172;S21,*242;S2,*212;S1,72;S
0,122;42,122;41,422;31,322;3,522;21,622;2,722;1,222;0,1211;52,3211;42,4211;41,12
11;4,*10211;31,6211;3,8211;21,*14211;2,*11211;1,5211;0,321;52,121;51,521;42,821;
41,321;4,*1921;31,*1321;3,*1721;21,*2321;2,*2121;1,721;0,12;63,12;62,42;52,32;51
,12;5,62;42,*112;41,42;4,*182;31,*142;3,*152;21,*192;2,*172;1,42;0,11;S63,11;S62
,41;S52,31;S51,81;S42,*111;S41,51;S4,*201;S31,*141;S3,*161;S21,*241;S2,*181;S1,7
1;S0,111;63,111;62,211;52,211;51,411;42,711;41,311;4,*1111;31,711;3,811;21,*1311
;2,911;1,411;0,11;73,11;63,21;62,11;61,61;52,41;51,11;5,61;42,*111;41,51;4,*161;
31,*121;3,*111;21,*151;2,*121;1,31;0,10;72,10;63,10;62,20;52,20;51,10;5,20;42,40
;41,10;4,40;31,40;3,30;21,30;2,30;1/1422;0,1421;1,142;2,142;0,1411;21,1411;1,141
;31,141;21,141;2,141;1,14;42,14;31,24;2,14;0,132;S21,132;S1,1311;S2,1311;S1,1311
;S0,131;S31,131;S3,231;S21,331;S2,431;S1,231;S0,13;S41,33;S31,23;S3,43;S21,43;S2
,53;S1,13;S0,133;1,1321;31,2321;21,2321;2,2321;1,1321;0,232;31,132;3,232;21,332;
2,432;1,232;0,13111;42,13111;4,23111;31,13111;3,13111;21,63111;2,33111;1,43111;0
,1311;41,4311;31,3311;3,6311;21,5311;2,8311;1,1311;0,131;42,231;41,631;31,531;3,
831;21,831;2,*1031;1,231;0,13;52,23;42,23;41,13;4,63;31,43;3,43;21,93;2,63;1,43;
0,221;S42,221;S41,121;S4,721;S31,421;S3,721;S21,*1221;S2,*1021;S1,521;S0,12;S52,
12;S51,42;S42,62;S41,22;S4,*162;S31,*102;S3,*152;S21,*202;S2,*172;S1,52;S0,222;4
2,122;41,122;4,322;31,122;3,222;21,722;2,322;1,422;0,1211;52,1211;42,4211;41,121
1;4,8211;31,7211;3,9211;21,9211;2,*11211;1,2211;0,221;52,121;51,421;42,721;41,32
1;4,*1621;31,*1121;3,*1421;21,*1921;2,*1721;1,521;0,12;62,22;52,22;51,72;42,72;4
1,52;4,*152;31,92;3,92;21,*222;2,*112;1,82;0,11;S63,31;S52,21;S51,11;S5,41;S42,*
101;S41,31;S4,*171;S31,*151;S3,*161;S21,*171;S2,*181;S1,31;S0,211;52,211;51,111;
5,211;42,611;41,111;4,*1011;31,811;3,*1011;21,811;2,911;1,11;62,11;61,31;52,31;5
1,11;5,61;42,81;41,51;4,*141;31,91;3,81;21,*161;2,91;1,41;0,10;62,10;6,10;52,10;
51,30;42,20;41,30;4,30;31,20;3,60;2,10;1,40;0/144;0,143;1,142;2,142;0,141;3,141;
1,14;4,14;2,14;0,132;S21,132;S1,131;S31,131;S21,131;S2,131;S1,13;S41,13;S31,13;S
3,13;S21,13;S2,13;S1,133;21,133;1,1321;2,1321;1,1321;0,132;31,132;21,232;2,232;1
,132;0,13111;42,13111;31,23111;2,13111;0,1311;31,1311;3,2311;21,1311;2,2311;1,13
1;41,231;31,231;3,331;21,231;2,331;1,13;51,13;42,13;41,13;4,23;31,13;3,13;21,33;
2,13;1,13;0,121;S42,221;S31,121;S3,221;S21,421;S2,321;S1,221;S0,12;S52,12;S42,22
;S41,12;S4,42;S31,32;S3,32;S21,52;S2,52;S1,22;S0,122;42,122;31,322;2,122;1,222;0
,1211;41,2211;31,1211;3,3211;21,2211;2,3211;1,121;52,121;42,221;41,421;31,321;3,
421;21,421;2,521;1,121;0,12;62,12;52,12;51,32;42,22;41,22;4,42;31,22;3,12;21,62;
2,22;1,32;0,11;S63,11;S52,11;S51,11;S42,31;S41,41;S31,31;S3,51;S21,31;S2,41;S1,1
11;63,111;52,211;41,211;31,211;3,211;21,111;2,311;1,11;73,11;62,21;52,11;51,21;4
2,21;41,21;4,31;31,21;3,11;21,41;2,21;1,21;0,10;84,10;62,10;51,20;42,10;4,10;31,
20;2,10;0/141;S1,141;S0,14;S21,14;S2,24;S1,14;S0,14211;21,14211;1,1421;2,1421;1,
1421;0,142;21,142;2,142;1,142;0,14111;31,24111;21,34111;2,44111;1,24111;0,1411;3
1,1411;3,3411;21,3411;2,5411;1,2411;0,241;31,141;3,341;21,441;2,641;1,241;0,24;3
1,14;3,34;21,44;2,44;1,24;0,132;S31,132;S21,132;S2,232;S1,2311;S31,1311;S3,3311;
S21,4311;S2,5311;S1,2311;S0,131;S42,131;S41,731;S31,431;S3,*1031;S21,*1331;S2,*1
531;S1,631;S0,23;S42,33;S41,13;S4,*133;S31,83;S3,*163;S21,*213;S2,*223;S1,83;S0,
133;3,133;21,133;1,1321;42,1321;41,4321;31,3321;3,6321;21,7321;2,7321;1,3321;0,1
32;42,232;41,132;4,732;31,432;3,732;21,*1132;2,*1032;1,432;0,33111;42,33111;41,1
3111;4,*123111;31,83111;3,*133111;21,*193111;2,*183111;1,83111;0,1311;52,3311;42
,6311;41,2311;4,*19311;31,*13311;3,*20311;21,*27311;2,*27311;1,9311;0,131;52,131
;51,531;42,931;41,331;4,*2431;31,*1831;3,*2631;21,*3331;2,*3231;1,*1031;0,13;52,
13;51,53;42,83;41,43;4,*203;31,*143;3,*183;21,*283;2,*233;1,93;0,221;S52,121;S51
,721;S42,*1121;S41,521;S4,*3021;S31,*2121;S3,*2721;S21,*4121;S2,*3521;S1,*1321;S
0,52;S52,42;S51,12;S5,*152;S42,*262;S41,*122;S4,*592;S31,*432;S3,*522;S21,*742;S
2,*622;S1,*202;S0,122;52,122;51,422;42,522;41,322;4,*1222;31,922;3,*1022;21,*172
2;2,*1222;1,522;0,1211;63,3211;52,3211;51,1211;5,9211;42,*16211;41,7211;4,*32211
;31,*26211;3,*29211;21,*39211;2,*33211;1,*10211;0,121;62,721;52,621;51,221;5,*16
21;42,*2921;41,*1421;4,*5721;31,*4421;3,*4621;21,*6721;2,*5321;1,*1621;0,12;62,7
2;52,72;51,22;5,*172;42,*272;41,*152;4,*512;31,*392;3,*382;21,*602;2,*432;1,*152
;0,11;S63,11;S62,11;S61,*101;S52,91;S51,31;S5,*181;S42,*361;S41,*181;S4,*621;S31
,*491;S3,*481;S21,*681;S2,*521;S1,*151;S0,111;63,111;62,111;61,611;52,611;51,211
;5,*1011;42,*2111;41,*1011;4,*3311;31,*2711;3,*2511;21,*3411;2,*2611;1,611;0,11;
63,21;62,11;61,91;52,91;51,31;5,*161;42,*281;41,*161;4,*441;31,*351;3,*301;21,*4
71;2,*311;1,*101;0,10;62,30;52,30;51,10;5,50;42,70;41,50;4,*110;31,90;3,60;21,*1
20;2,70;1,30;0/151;0,15;1,141;S1,14;S21,14;S2,24;S1,14;S0,14211;2,14211;0,1421;2
1,1421;1,142;21,142;1,14111;31,14111;3,24111;21,24111;2,34111;1,14111;0,1411;31,
2411;21,3411;2,3411;1,2411;0,141;31,241;21,341;2,441;1,241;0,14;31,14;3,34;21,24
;2,44;1,14;0,132;S31,132;S2,132;S1,132;S0,2311;S31,1311;S3,2311;S21,3311;S2,4311
;S1,1311;S0,131;S42,131;S41,531;S31,331;S3,731;S21,931;S2,*1031;S1,431;S0,13;S42
,23;S41,13;S4,93;S31,63;S3,*103;S21,*153;S2,*153;S1,63;S0,133;42,133;2,133;0,132
1;42,1321;41,3321;31,2321;3,4321;21,5321;2,5321;1,2321;0,132;52,132;42,232;41,53
2;31,332;3,532;21,632;2,732;1,232;0,13111;42,33111;41,13111;4,93111;31,73111;3,*
113111;21,*123111;2,*133111;1,33111;0,3311;42,4311;41,2311;4,*13311;31,9311;3,*1
3311;21,*20311;2,*17311;1,7311;0,131;52,131;51,531;42,531;41,331;4,*1631;31,*113
1;3,*1431;21,*2431;2,*1931;1,931;0,13;52,13;51,13;5,23;42,63;41,23;4,*133;31,*11
3;3,*133;21,*163;2,*163;1,43;0,221;S52,121;S51,421;S42,921;S41,321;S4,*2121;S31,
*1521;S3,*2021;S21,*2521;S2,*2421;S1,621;S0,32;S52,32;S51,12;S5,*102;S42,*182;S4
1,92;S4,*392;S31,*302;S3,*342;S21,*492;S2,*402;S1,*132;S0,122;63,122;52,122;51,2
22;42,522;41,122;4,822;31,722;3,922;21,822;2,922;1,122;0,2211;52,2211;51,7211;42
,*10211;41,6211;4,*22211;31,*16211;3,*17211;21,*28211;2,*20211;1,8211;0,121;62,5
21;52,421;51,121;5,*1121;42,*2021;41,*1021;4,*3721;31,*2821;3,*2921;21,*4421;2,*
3321;1,*1121;0,12;63,12;61,52;52,52;51,22;5,82;42,*202;41,92;4,*332;31,*282;3,*2
82;21,*342;2,*302;1,62;0,11;S62,61;S52,61;S51,21;S5,*141;S42,*221;S41,*131;S4,*4
01;S31,*311;S3,*281;S21,*471;S2,*321;S1,*121;S0,111;62,411;52,411;51,111;5,911;4
2,*1111;41,811;4,*2111;31,*1611;3,*1311;21,*2511;2,*1511;1,711;0,11;63,11;62,11;
61,61;52,61;51,31;5,81;42,*191;41,91;4,*281;31,*241;3,*211;21,*281;2,*221;1,51;0
,10;63,10;61,20;52,20;51,10;5,10;42,60;41,20;4,70;31,70;3,70;21,50;2,60;1/1411;S
1,1411;S0,141;S21,141;S2,241;S1,141;S0,14;S31,24;S21,24;S2,34;S1,14;S0,1422;21,1
4211;21,14211;2,24211;1,14211;0,1421;31,1421;21,2421;2,3421;1,1421;0,142;31,142;
3,242;21,242;2,342;1,142;0,24111;31,14111;3,44111;21,54111;2,74111;1,34111;0,141
1;42,3411;31,2411;3,5411;21,7411;2,8411;1,4411;0,141;41,541;31,341;3,641;21,841;
2,941;1,441;0,14;42,14;41,44;31,34;3,54;21,64;2,74;1,24;0,132;S31,132;S3,232;S21
,332;S2,332;S1,232;S0,1311;S41,4311;S31,2311;S3,6311;S21,7311;S2,9311;S1,3311;S0
,231;S42,331;S41,131;S4,*1431;S31,931;S3,*1731;S21,*2331;S2,*2431;S1,931;S0,13;S
52,53;S42,73;S41,23;S4,*233;S31,*153;S3,*243;S21,*343;S2,*323;S1,*123;S0,133;31,
133;21,133;2,133;1,2321;42,2321;41,1321;4,7321;31,6321;3,9321;21,*12321;2,*12321
;1,5321;0,232;42,432;41,232;4,*1232;31,832;3,*1232;21,*1732;2,*1632;1,532;0,1311
1;52,13111;51,43111;42,73111;41,23111;4,*203111;31,*143111;3,*223111;21,*273111;
2,*273111;1,83111;0,2311;52,1311;51,7311;42,*11311;41,5311;4,*31311;31,*21311;3,
*29311;21,*43311;2,*38311;1,*14311;0,231;52,231;51,*1031;42,*1631;41,731;4,*3931
;31,*2831;3,*3731;21,*5231;2,*4431;1,*1531;0,33;52,23;51,83;42,*143;41,63;4,*323
;31,*223;3,*283;21,*383;2,*323;1,93;0,421;S52,321;S51,121;S5,*1121;S42,*2021;S41
,921;S4,*4621;S31,*3421;S3,*4121;S21,*5821;S2,*5021;S1,*1621;S0,12;S63,12;S62,*1
02;S52,82;S51,22;S5,*242;S42,*422;S41,*202;S4,*852;S31,*652;S3,*712;S21,*932;S2,
*832;S1,*272;S0,*102;S2,222;52,222;51,122;5,522;42,922;41,422;4,*1822;31,*1522;3
,*1622;21,*2122;2,*1822;1,522;0,1211;62,6211;52,6211;51,2211;5,*15211;42,*24211;
41,*12211;4,*47211;31,*35211;3,*37211;21,*56211;2,*41211;1,*14211;0,121;63,121;6
2,121;61,*1221;52,*1121;51,421;5,*2421;42,*4421;41,*2221;4,*8021;31,*6221;3,*612
1;21,*9021;2,*6821;1,*2121;0,12;63,22;62,12;61,*122;52,*112;51,42;5,*222;42,*412
;41,*202;4,*692;31,*562;3,*522;21,*742;2,*562;1,*152;0,11;S63,31;S62,21;S61,*151
;S52,*151;S51,51;S5,*281;S42,*501;S41,*271;S4,*831;S31,*641;S3,*591;S21,*901;S2,
*621;S1,*191;S0,111;63,211;62,111;61,111;6,911;52,911;51,311;5,*1511;42,*2811;41
,*1611;4,*4211;31,*3411;3,*2911;21,*4511;2,*3011;1,*1011;0,21;63,31;62,21;61,11;
6,*131;52,*131;51,51;5,*201;42,*381;41,*211;4,*551;31,*461;3,*371;21,*551;2,*381
;1,*101;0,10;62,10;61,40;52,40;51,20;5,50;42,*100;41,50;4,*140;31,*110;3,90;21,*
120;2,80;1,10;0/&
!1.0+&
!4.21+&
!42.21111111+&
!59.3+&
!218.3111111+&
!317.42222222+&
!402.42111111+&
!699.411+&
!1210.411111+&
!1600.42+&
!2035.52222221+&
!2517.63333333+&
!2835.51111111+&
!3607.5211111+&
!4624.63222222+&
!5634.51111+&
!6855.51+&
!8257.62222211+&
!9720.73333332+&
!11156.6222222+&
!12446.84444444+&
!13370.62211111+&
!15295.63111111+&
!17114.6111111










