/10/121111111,1111111,1111/122222221,122221111,12211111,121111111,121111,121/133
222222,132222211,132211111,13111111,122222221,12222211,122221111,1222111,1221111
1,12211,121111111,121111,121,1111111,1111,10/142222222,132222211,132211111,12222
22,122221111,1222111,1222,12211111,121111111,121111,1111111,1111,10/133333333,13
3333222,133322221,133222222,133222111,133111111,13222222,132222211,13222111,1322
11111,1321111,13111111,13111,13,122222221,12222211,122221111,122221,22211111,122
11,121111111,121111,121,1111111,1111/143333332,143332222,143222221,142222222,142
222111,142111111,133333321,133333222,133332211,233322221,133321111,233222222,133
22221,233222111,13321111,133111111,13222222,332222211,1322221,23222111,332211111
,132211,2321111,1321,23111111,13111,222222221,22222211,322221111,122221,2222111,
32211111,22211,321111111,321111,221,2111111,2111/144433333,144333322,144322222,1
43333332,143333221,143332222,143322211,243222221,143221111,142222222,14222221,14
2222111,14221111,142111111,1411111,133333333,133333321,233333222,133333111,13333
222,133332211,233322221,13332211,133321111,233222222,13322221,333222111,1332211,
13321111,233111111,133111,23222222,332222211,1322221,33222111,13222,332211111,13
2211,2321111,1321,23111111,23111,13,222222221,1222222,22222211,322221111,122221,
3222111,1222,42211111,22211,221111111,321111,221,2111111,2111,10/154333333,15333
3322,153322222,152222221,144333322,144322222,143333332,143333311,143333221,24333
2222,243322211,143311111,243222221,143221111,242222222,14222221,242222111,142211
11,142111111,133333321,133333222,13333321,233332211,333322221,1333222,13332211,2
33321111,1333111,233222222,23322221,333222111,1332211,23321111,13321,133111111,1
3222222,532222211,2322221,33222111,532211111,232211,3321111,1321,23111111,13111,
222222221,2222222,32222211,422221111,222221,4222111,2222,42211111,32211,42111111
1,421111,221,3111111,3111/163333333,153333322,153322222,143333311,143332222,1433
22211,143311111,143222221,142222222,142222111,1333333,133332211,1333222,13332111
1,1333111,1333,133222222,13322221,133222111,13321111,232222211,1322221,13222111,
232211111,132211,13111111,1222222,12222211,122221111,3222111,1222,12211111,12211
,121111111,121111,2111111,2111,10/144444433,144443332,144433333,144433222,144333
331,144333322,144332221,144322222,144222211,243333332,243333221,243332222,143332
111,14332222,143322211,343222221,14322211,243221111,14311111,142222222,14222221,
242222111,1422211,14221111,242111111,142111,1411111,1411,133333333,13333333,1333
33321,233333222,133333111,13333222,233332211,13333111,333322221,13332211,1333211
11,333222222,23322221,433222111,133222,1332211,23321111,233111111,133111,133,232
22222,432222211,1322221,43222111,13222,432211111,232211,3321111,1321,33111111,23
111,13,222222221,1222222,32222211,322221111,122221,3222111,1222,42211111,32211,2
21111111,321111,221,2111111,2111,10/144444442,144443332,144442222,144333331,1443
33322,144332221,14422222,143333332,143333221,243332222,143332111,143322211,24322
2221,14322211,143221111,14311111,242222222,242222111,142222,14221111,142111111,1
42111,142,133333321,133333222,13333222,133332211,233322221,13332211,133321111,13
3222222,13322221,233222111,1332211,13321111,133111111,133111,13222222,332222211,
1322221,23222111,332211111,132211,2321111,1321,13111111,13111,122222221,1222222,
12222211,222221111,122221,2222111,1222,22211111,12211,221111111,221111,121,11111
11,1111,10/154444444,154444333,154433332,154333333,154333222,154222222,153333331
,153333322,153332221,153322222,153222211,152222221,152221111,151111111,144444433
,144444322,144443332,244433333,144433321,244433222,144422221,144333331,344333322
,144333211,244332221,344322222,144322111,244222211,144211111,343333332,14333332,
143333311,443333221,443332222,14333221,243332111,24332222,443322211,14332111,143
311111,643222221,1432222,24322211,443221111,1432111,14311111,242222222,34222221,
442222111,2422211,34221111,14221,342111111,142111,2411111,1411,133333333,3333333
21,433333222,13333321,233333111,23333222,433332211,1333321,13333111,733322221,33
332211,433321111,133321,533222222,53322221,833222111,133222,3332211,53321111,133
21,433111111,233111,43222222,832222211,4322221,83222111,23222,832211111,432211,7
321111,3321,53111111,43111,13,522222221,1222222,62222211,722221111,422221,622211
1,1222,82211111,62211,421111111,721111,521,2111111,2111/155444443,155443333,1553
33332,154444432,154444333,154443322,254433332,154432222,254333333,154333321,2543
33222,154322221,154222222,153333331,353333322,153333211,253332221,353322222,1533
22111,15322222,253222211,153211111,252222221,15222211,152221111,15211111,1444444
42,144444433,144444331,144444322,344443332,144443221,144442222,244433333,2444333
21,344433222,144432211,144422221,344333331,544333322,14433322,244333211,54433222
1,144331111,444322222,14432221,244322111,14422222,344222211,14422111,144211111,5
43333332,14333332,243333311,743333221,14333311,843332222,24333221,443332111,3433
2222,843322211,1433221,24332111,243311111,*1043222221,1432222,54322211,743221111
,143221,2432111,34311111,14311,542222222,44222221,842222111,142222,3422211,54221
111,14221,542111111,342111,142,2411111,1411,133333333,13333333,533333321,5333332
22,23333321,233333111,33333222,833332211,1333321,23333111,*1033322221,2333222,53
332211,733321111,133321,2333111,733222222,83322221,*1233222111,233222,5332211,83
321111,23321,533111111,333111,133,53222222,*1332222211,7322221,*123222111,23222,
*1332211111,832211,*10321111,5321,73111111,53111,13,522222221,3222222,82222211,9
22221111,522221,*10222111,3222,*102211111,82211,621111111,921111,521,5111111,511
1,10/164444443,164443333,164333332,163333333,163333222,163222222,154444432,15444
4333,154443322,254433332,154432222,254333333,154333321,254333222,154322221,15422
2222,153333331,353333322,153333211,253332221,353322222,153322111,253222211,15321
1111,252222221,152221111,144444421,144444322,144443332,144443311,144442222,14443
3333,244433321,244433222,144432211,244422221,144421111,144333331,444333322,14433
331,244333211,344332221,444322222,14432221,244322111,14431111,14422222,244222211
,144211111,343333332,14333332,343333311,543333221,1433332,643332222,24333221,343
332111,24332222,843322211,1433221,24332111,343311111,143311,743222221,2432222,34
322211,543221111,2432111,1432,14311111,442222222,44222221,642222111,142222,24222
11,44221111,14221,342111111,142111,1411111,133333333,333333321,433333222,2333332
1,233333111,23333222,633332211,1333321,13333111,833322221,2333222,53332211,63332
1111,133321,2333111,533222222,63322221,*1033222111,133222,5332211,63321111,23321
,433111111,233111,43222222,*1032222211,6322221,*103222111,23222,*1032211111,6322
11,8321111,3321,53111111,43111,13,422222221,3222222,62222211,822221111,522221,82
22111,3222,92211111,62211,421111111,821111,421,3111111,3111,10/155554444,1555444
33,155533333,155444443,155444332,155443333,155433322,155333332,155332222,1544444
44,154444432,254444333,154444222,154443331,154443322,354433332,154433221,1544322
22,254333333,254333321,354333222,154332211,254322221,254222222,154222111,2533333
31,253333322,15333322,153333211,353332221,153331111,253322222,15332221,153322111
,15322222,353222211,15322111,153211111,252222221,1522222,15222211,252221111,1522
111,15211111,151111111,151111,144444442,244444433,144444331,244444322,344443332,
244443221,144442222,344433333,14443333,244433321,444433222,144433111,14443222,14
4432211,144422221,344333331,644333322,14433322,344333211,644332221,14433211,1443
31111,544322222,14432221,344322111,24422222,444222211,1442221,14422111,244211111
,1441111,543333332,24333332,243333311,843333221,14333311,743332222,34333221,5433
32111,1433311,44332222,843322211,1433221,34332111,243311111,*1043222221,1432222,
64322211,843221111,243221,2432111,34311111,14311,342222222,54222221,742222111,14
2222,4422211,64221111,24221,542111111,342111,142,3411111,2411,233333333,13333333
,433333321,633333222,23333321,333333111,133333,43333222,733332211,1333321,233331
11,13333,*1033322221,2333222,63332211,633321111,133321,2333111,633222222,8332222
1,*1233222111,233222,6332211,83321111,23321,633111111,433111,133,63222222,*10322
22211,6322221,*123222111,33222,*1032211111,732211,*10321111,4321,63111111,63111,
23,422222221,3222222,72222211,722221111,522221,8222111,3222,92211111,72211,42111
1111,721111,421,4111111,4111,10/155555554,155555443,155554444,155554333,15554444
2,155544433,155543332,255444443,255444332,255443333,155443222,155433331,15543332
2,255333332,155333221,155332222,155222221,154444444,154444441,254444432,35444433
3,154444222,254443331,354443322,154442221,454433332,254433221,254432222,35433333
3,15433333,354333321,554333222,154333111,15433222,254332211,354322221,254222222,
15422221,254222111,154111111,253333331,453333322,15333322,253333211,553332221,15
333211,153331111,453322222,15332221,353322111,25322222,453222211,1532221,2532211
1,253211111,1531111,352222221,25222211,352221111,152221,1522111,25211111,15211,1
51111111,151111,151,244444442,244444433,244444331,244444322,644443332,344443221,
344442222,144442111,344433333,14443333,444433321,544433222,144433111,14443222,24
4432211,244422221,644333331,844333322,34433322,444333211,*1044332221,24433211,24
4331111,644322222,24432221,444322111,44422222,644222211,1442221,34422111,2442111
11,1441111,743333332,24333332,343333311,*1143333221,24333311,*1143332222,4433322
1,843332111,143332,1433311,64332222,*1243322211,2433221,44332111,343311111,*1443
222221,2432222,*104322211,*1143221111,343221,4432111,64311111,24311,642222222,64
222221,*1142222111,342222,5422211,84221111,24221,742111111,642111,242,3411111,24
11,133333333,13333333,733333321,633333222,33333321,333333111,53333222,*103333221
1,2333321,33333111,*1333322221,2333222,83332211,933321111,233321,2333111,7332222
22,*113322221,*1533222111,333222,8332211,*113321111,33321,633111111,533111,133,6
3222222,*1432222211,9322221,*153222111,33222,*1432211111,*1032211,*13321111,7321
,73111111,63111,13,522222221,3222222,82222211,922221111,622221,*10222111,3222,*1
02211111,82211,621111111,921111,521,4111111,4111/165544444,165444433,165433333,1
64444443,164444332,164443333,164433322,264333332,164332222,163333333,163333321,1
63333222,163322221,163222222,162222211,155544433,155533333,155444443,155444422,1
55444332,255443333,255433322,155422222,255333332,155332222,154444444,254444432,3
54444333,154444321,154444222,154443331,354443322,554433332,154433311,254433221,3
54432222,154422211,454333333,454333321,654333222,254332211,454322221,154321111,3
54222222,154222111,353333331,653333322,15333331,15333322,353333211,653332221,153
331111,653322222,25332221,353322111,15331111,25322222,553222211,15322111,2532111
11,452222221,1522222,25222211,352221111,1522111,15211111,151111111,244444433,144
444421,144444331,344444322,144444211,444443332,14444332,144443311,244443221,1444
42222,444433333,544433321,744433222,14443321,144433111,14443222,344432211,444422
221,14442211,144421111,444333331,944333322,14433331,24433322,644333211,944332221
,1443322,14433211,244331111,944322222,34432221,644322111,1443211,14431111,144222
22,744222211,1442221,24422111,344211111,144211,743333332,34333332,643333311,*134
3333221,1433332,24333311,*1243332222,64333221,843332111,1433311,74332222,*174332
2211,3433221,64332111,14332,643311111,143311,*1643222221,4432222,94322211,*13432
21111,243221,5432111,1432,44311111,14311,542222222,94222221,*1242222111,142222,7
422211,94221111,34221,742111111,442111,4411111,2411,233333333,13333333,733333321
,1333333,833333222,53333321,533333111,53333222,*1333332211,3333321,43333111,*163
3322221,5333222,*113332211,*1233321111,333321,5333111,1333,*1033222222,*14332222
1,*2033222111,433222,*11332211,*143321111,53321,833111111,533111,133,83222222,*1
832222211,*12322221,*203222111,53222,*1832211111,*1332211,*16321111,7321,*103111
111,83111,23,722222221,4222222,*132222211,*1222221111,922221,*15222111,4222,*142
211111,*132211,721111111,*1221111,721,6111111,6111,10/165555553,165554443,165553
333,165444442,165444433,165443332,165333331,164444443,164444332,264443333,164443
222,164433322,264333332,164333221,164332222,164222221,263333333,263333222,163333
111,163322221,163222222,163222111,163111111,155555542,155555443,155554432,155554
333,155553322,255544442,155544433,255543332,155542222,255444443,155444431,155444
422,355444332,355443333,155443321,255443222,255433331,255433322,155432221,355333
332,15533332,255333221,155332222,15532222,155222221,154444441,454444432,35444433
3,154444321,154444222,354443331,654443322,154443211,254442221,754433332,15443331
1,454433221,554432222,154432111,154422211,454333333,15433333,654333321,854333222
,15433321,254333111,25433222,454332211,654322221,15432211,154321111,354222222,25
422221,354222111,15421111,154111111,353333331,853333322,15333322,553333211,15333
31,853332221,25333211,153331111,853322222,25332221,653322111,153322,15331111,353
22222,753222211,2532221,35322111,453211111,153211,2531111,1531,452222221,3522221
1,352221111,152221,1522111,25211111,15211,244444442,244444433,144444421,34444433
1,344444322,744443332,14444332,144443311,444443221,444442222,144442111,344433333
,14443333,744433321,844433222,14443321,144433111,24443222,544432211,444422221,14
442211,144421111,744333331,*1044333322,14433331,44433322,744333211,*1444332221,1
443322,34433211,344331111,844322222,54432221,744322111,1443211,14431111,44422222
,844222211,2442221,44422111,344211111,144211,1441111,843333332,34333332,64333331
1,*1543333221,1433332,34333311,*1543332222,74333221,*1243332111,143332,1433311,8
4332222,*1943322211,5433221,74332111,643311111,143311,*1843222221,4432222,*14432
2211,*1543221111,443221,7432111,1432,74311111,34311,742222222,84222221,*15422221
11,442222,8422211,*104221111,34221,842111111,742111,242,3411111,2411,133333333,2
3333333,733333321,1333333,733333222,43333321,433333111,63333222,*1433332211,3333
321,53333111,*1533322221,5333222,*113332211,*1233321111,333321,5333111,1333,9332
22222,*143322221,*1933222111,533222,*11332211,*143321111,43321,733111111,633111,
233,73222222,*1732222211,*12322221,*193222111,43222,*1732211111,*1432211,*153211
11,7321,93111111,73111,13,522222221,4222222,*102222211,*1022221111,722221,*13222
111,4222,*112211111,*102211,621111111,*1021111,521,5111111,5111,10/165555544,165
554443,165544444,165544333,165444442,165444433,165443332,165433333,165333322,264
444443,264444332,264443333,164443222,164433331,164433322,364333332,164333221,264
332222,164222221,163333333,163333321,263333222,163332211,163322221,263222222,163
222111,162222211,162211111,155555533,155555443,155554444,155554432,155554333,155
544442,355544433,155544322,255543332,255533333,155533222,355444443,155444431,155
444422,455444332,455443333,155443321,255443222,255433331,455433322,155432221,155
422222,455333332,155333311,255333221,355332222,155322211,155222221,254444444,154
444441,554444432,654444333,254444321,354444222,454443331,754443322,154443211,254
442221,*1154433332,15443332,154433311,654433221,654432222,154432111,15442222,154
422211,654333333,15433333,954333321,*1254333222,15433321,254333111,25433222,6543
32211,954322221,15432211,254321111,654222222,25422221,454222111,15421111,1541111
11,653333331,953333322,15333331,35333322,653333211,*1253332221,1533322,25333211,
353331111,953322222,45332221,753322111,1533211,15331111,45322222,*1153222211,253
2221,45322111,553211111,153211,1531111,652222221,2522222,45222211,652221111,1522
21,3522111,1522,35211111,15211,251111111,151111,244444442,444444433,14444443,144
444421,344444331,644444322,144444211,944443332,14444332,244443311,644443221,4444
42222,14444221,144442111,844433333,24443333,*1044433321,*1344433222,14443321,344
433111,34443222,644432211,14443111,744422221,14442211,144421111,944333331,*17443
33322,24433331,54433322,*1244333211,1443331,*2044332221,1443322,44433211,4443311
11,*1544322222,74432221,*1244322111,144322,1443211,24431111,54422222,*1344222211
,3442221,54422111,644211111,144211,2441111,1441,*1243333332,64333332,843333311,*
2443333221,1433332,44333311,*2043332222,*124333221,*1743332111,143332,3433311,*1
34332222,*2843322211,6433221,*124332111,14332,843311111,243311,*2843222221,74322
22,*204322211,*2443221111,643221,*10432111,1432,94311111,34311,842222222,*154222
221,*2042222111,442222,*13422211,*174221111,64221,*1242111111,942111,242,8411111
,4411,433333333,23333333,*1133333321,1333333,*1433333222,73333321,933333111,1333
33,*113333222,*2033332211,5333321,73333111,13333,*2533322221,6333222,*193332211,
*1833321111,533321,6333111,1333,*1433222222,*223322221,*3233222111,733222,*19332
211,*223321111,73321,*1433111111,*1133111,233,*143222222,*2532222211,*18322221,*
323222111,93222,*2532211111,*2032211,*25321111,*11321,*143111111,*143111,43,9222
22221,6222222,*172222211,*1622221111,*1322221,*20222111,6222,*202211111,*172211,
821111111,*1621111,921,7111111,7111,10/166666555,166665544,166655554,166655443,1
66654444,166644433,166555555,166555543,266555444,166555333,166554442,166554433,2
66544443,166544332,166543333,166444444,166444432,266444333,166443322,166433332,1
66333333,166333222,165555553,265555544,165555442,265555433,465554443,265554332,1
65553333,365544444,165544441,365544432,465544333,165544222,165543331,165543322,2
65533332,365444442,565444433,265444331,365444322,665443332,165443221,165442222,4
65433333,265433321,365433222,265333331,465333322,165333211,265332221,265322222,1
65222211,364444443,264444431,164444422,664444332,164444221,464443333,16444333,36
4443321,464443222,164442211,464433331,664433322,16443322,164433211,364432221,164
422222,664333332,16433332,264333311,664333221,664332222,16433221,264332111,16432
222,364322211,364222221,16422211,164221111,263333333,16333333,463333321,46333322
2,16333321,163333111,26333222,463332211,16333111,563322221,1633222,16332211,2633
21111,363222222,26322221,463222111,1632211,16321111,163111111,16222222,362222211
,1622221,26222111,262211111,162211,1621111,16111111,16111,255555554,155555542,15
5555533,455555443,255555332,355554444,155554441,355554432,555554333,155554222,15
5553331,255553322,555544442,755544433,355544331,455544322,755543332,255543221,15
5542222,355533333,15553333,155533321,255533222,855444443,15544444,355444431,4554
44422,*1355444332,355444221,*1155443333,15544333,655443321,955443222,155443111,1
5544222,155442211,855433331,*1255433322,15543322,355433211,555432221,355422222,*
1155333332,25533332,255333311,*1055333221,15533311,855332222,15533221,355332111,
25532222,455322211,555222221,1552222,15522211,255221111,15511111,354444444,35444
4441,*1154444432,*1254444333,25444433,754444321,754444222,154444111,*1254443331,
*1854443322,35444322,554443211,854442221,15444211,154441111,*2154433332,45443332
,554433311,*1954433221,15443311,*1554432222,35443221,554432111,25442222,55442221
1,*1054333333,55433333,*2254333321,*2554333222,55433321,854333111,*105433222,*19
54332211,2543321,35433111,*2254322221,1543222,65432211,754321111,*1054222222,854
22221,*1254222111,154222,3542211,35421111,354111111,154111,*1053333331,*16533333
22,35333331,85333322,*1553333211,1533331,*2553332221,2533322,95333211,753331111,
153331,*1653322222,*125332221,*1853322111,253322,4533211,45331111,*115322222,*21
53222211,7532221,*135322111,25322,*1153211111,353211,5531111,1531,*1052222221,35
22222,*115222211,*1252221111,552221,7522111,1522,85211111,45211,351111111,351111
,251,444444442,744444433,14444443,244444421,844444331,*1144444322,14444422,34444
4211,*1844443332,44444332,444443311,*1544443221,24444311,844442222,24444221,4444
42111,1444411,*1144433333,44443333,*2144433321,*2344433222,54443321,744433111,14
4433,84443222,*1544432211,1444321,24443111,*1344422221,1444222,44442211,34442111
1,*1844333331,*2644333322,44433331,*154433322,*2444333211,2443331,*3944332221,44
43322,*134433211,*1144331111,244331,*2244322222,*174432221,*2444322111,244322,54
43211,44431111,*114422222,*2544222211,8442221,*154422111,14422,*1144211111,44421
1,4441111,1441,*1743333332,*114333332,*1443333311,*3843333221,3433332,*114333311
,*2943332222,*244333221,*3143332111,443332,7433311,*254332222,*4543322211,*15433
221,*244332111,34332,*1443311111,443311,*4043222221,*13432222,*394322211,*384322
1111,*1543221,*21432111,2432,*184311111,84311,*1042222222,*224222221,*2942222111
,842222,*23422211,*264221111,*114221,*1742111111,*1842111,442,*11411111,7411,333
333333,43333333,*1633333321,2333333,*1533333222,*123333321,*1233333111,133333,*1
63333222,*3033332211,*10333321,*133333111,13333,*3133322221,*11333222,*293332211
,*2633321111,*1033321,*11333111,2333,*1633222222,*333322221,*4033222111,*1333222
,*29332211,*333321111,*123321,*1533111111,*1633111,433,*153222222,*3032222211,*2
6322221,*403222111,*123222,*3032211111,*3032211,*31321111,*16321,*163111111,*153
111,33,922222221,7222222,*202222211,*1722221111,*1422221,*25222111,7222,*2022111
11,*202211,821111111,*1721111,921,7111111,7111,20/166444444,165444433,165433333,
164444422,164443333,164433322,164422222,164333332,163333333,163333321,163333222,
163322221,16222222,155444443,155444332,155443333,155433322,155333332,155332222,1
54444432,154444333,154444321,254443322,354433332,154433311,154433221,254432222,1
54422211,254333333,254333321,354333222,154332211,254322221,154321111,154222222,1
53333331,453333322,15333322,253333211,353332221,453322222,15332221,253322111,153
22222,353222211,15322111,153211111,252222221,15222211,152221111,15211111,1444444
42,144444331,144444322,14444422,244443332,144443311,144443221,244442222,14443333
3,344433321,244433222,14443321,244432211,244422221,1444222,144421111,244333331,5
44333322,14433331,14433322,344333211,544332221,14433211,144331111,444322222,2443
2221,344322111,1443211,14431111,24422222,244222211,14422111,14422,144211111,3433
33332,14333332,443333311,643333221,1433332,14333311,743332222,34333221,443332111
,24332222,*1043322211,2433221,34332111,443311111,143311,843222221,2432222,543222
11,643221111,143221,3432111,24311111,14311,542222222,44222221,742222111,242222,2
422211,54221111,14221,342111111,242111,142,1411111,433333321,1333333,333333222,3
3333321,233333111,33333222,733332211,2333321,13333111,733322221,3333222,63332211
,733321111,233321,3333111,1333,433222222,73322221,933222111,133222,6332211,73321
111,33321,333111111,333111,33222222,*1032222211,7322221,93222111,23222,*10322111
11,732211,7321111,4321,43111111,33111,322222221,4222222,52222211,722221111,42222
1,9222111,4222,72211111,52211,421111111,721111,321,3111111,3111,20/&
!1.0+&
!4.21111111+&
!27.21+&
!77.3111111+&
!205.42222222+&
!308.3+&
!517.42111111+&
!849.411111+&
!1345.52222221+&
!1866.63333333+&
!2194.411+&
!2836.42+&
!3371.51111111+&
!4296.5211111+&
!5525.63222222+&
!6703.51111+&
!8192.51+&
!9889.62222211+&
!11734.63111111+&
!13987.62211111+&
!16519.6111+&
!20450.6222222
  
