/10/12,1111,102111111/122111111,112,1111,10211,10/1311,122111111,12211,12,113211
111,112,1111,10311111,102111111,1022/14,1311,1222,122111111,113211111,1111,10422
2222,10211,10/132,12311111,122111111,12211,113211111,113111,112,1111,1031,102111
111,10211/142111111,133211111,132,1311,124222222,12311111,1231,1222,122111111,22
211,12,114111111,213211111,11321,113111,212,2111,104221111,10311111,1031,1022,20
2111111,10211/14211,133211111,133111,132,1311,124221111,22311111,1231,1222,22211
1111,12211,11421111,114111111,213211111,11321,113111,212,1111,104222222,10431111
1,1041111,10311111,1031,20211,10/1511,1422,142111111,14211,140,233211111,13321,1
32,2311,124311111,124222222,124221111,12311111,1231,2222,222111111,22211,120,115
322222,11421111,114111111,1133,313211111,11321,113111,112,2111,105222221,1043111
11,104222222,104221111,10311111,1031,1022,102111111,10211/160,1511,1422,14211111
1,1333,133211111,1311,124311111,124222222,1222,12211,120,115322222,113211111,113
21,1111,106333333,104221111,1022,102111111/14311111,134111111,133211111,133111,1
32,124222222,124221111,1241111,12311111,2231,122111111,22211,11421111,114111111,
11411,213211111,11321,213111,212,1111,104221111,104211,104,20311111,1031,1022,10
2111111,10211/144222222,134111111,133211111,124221111,124,12311111,1231,1222,122
111111,114111111,11411,113211111,11321,113111,112,1111,104222222,10422,1041111,1
031,20211,100/153111,144221111,1441111,14311111,1431,14211,135222111,23421111,23
4111111,13411,233211111,13321,233111,232,125222221,12522111,125211111,124311111,
124222222,324221111,224211,2241111,124,42311111,3231,1222,122111111,22211,115322
222,115321111,115222111,1152111,11511111,31421111,1142,314111111,21411,313211111
,21321,413111,212,1111,10531111,105222221,105211111,105111,104311111,104222222,2
04221111,10422,104211,2041111,10311111,3031,102111111,20211/152,14311111,1431,14
2111111,14211,13421111,134111111,233211111,13321,233111,232,1311,125222221,12431
1111,124222222,224221111,124211,1241111,32311111,3231,1222,222111111,32211,11532
2222,115222111,21421111,1142,214111111,11411,413211111,21321,313111,312,1111,105
211111,104311111,104222222,204221111,104211,1041111,20311111,2031,1022,102111111
,20211/153211111,144222222,144221111,14311111,1431,1422,142111111,14211,13532222
2,13421111,234111111,13411,333211111,23321,233111,232,2311,125222221,125211111,2
24311111,224222222,324221111,12422,124211,2241111,124,32311111,4231,2222,2221111
11,42211,120,115322222,115321111,115222111,11511111,31421111,1142,414111111,2141
1,1133,513211111,31321,313111,312,2111,105222221,10522111,105211111,104311111,10
431,104222222,304221111,104211,1041111,104,30311111,3031,2022,202111111,10211/16
2111111,153211111,152,1511,144311111,144222222,14311111,1431,1422,142111111,2421
1,140,135322222,13421111,1342,134111111,1333,333211111,23321,133111,232,2311,126
333333,125222221,125211111,224311111,12431,124222222,324221111,124211,22311111,3
231,3222,322111111,22211,116222222,215322222,115321111,115222111,21421111,1142,2
14111111,11411,1133,413211111,31321,213111,212,2111,106332222,105222221,10521111
1,204311111,204222222,104221111,10422,104211,1041111,10311111,2031,1022,30211,10
0/16211,153211111,15321,153111,152,1511,144311111,244221111,144211,24311111,2431
,2422,242111111,24211,135322222,135321111,135222111,33421111,1342,234111111,1341
1,1333,533211111,33321,333111,332,2311,126332222,12531111,225222221,12522111,225
211111,424311111,12431,324222222,424221111,12422,224211,3241111,42311111,5231,22
22,222111111,52211,120,116322221,116222222,115411111,315322222,215321111,2152221
11,1152111,11511111,51421111,2142,414111111,21411,1133,513211111,41321,413111,31
2,2111,106422222,106333333,106222211,10531111,205222221,10522111,205211111,20431
1111,10431,404221111,204211,1041111,104,30311111,3031,2022,202111111,10211/15411
1111,145222221,144222222,144221111,1441111,144,14311111,1431,135322222,135222111
,13511111,23421111,334111111,23411,233211111,13321,233111,132,125222221,12522111
,225211111,125111,124311111,224222222,424221111,12422,224211,3241111,224,3231111
1,4231,1222,122111111,22211,115322222,115321111,215222111,115221,1152111,1151111
1,1151,31421111,1142,414111111,41411,413211111,31321,413111,212,1111,105222221,1
0522111,105211111,10521,105111,104311111,104222222,304221111,10422,204211,204111
1,104,20311111,3031,1022,102111111,20211/164222222,155322222,154111111,153211111
,146333333,145222221,145211111,144311111,144222222,244221111,144,14311111,1431,1
422,142111111,136222222,235322222,135321111,135222111,13511111,1351,23421111,134
2,334111111,23411,1333,333211111,23321,133111,132,1311,126332222,126111111,22522
2221,12522111,325211111,12521,125111,324311111,12431,324222222,324221111,22422,2
24211,3241111,224,22311111,4231,2222,122111111,32211,120,116222222,116221111,215
322222,215321111,11532,215222111,115221,1152111,21511111,1151,31421111,2142,4141
11111,41411,1133,413211111,41321,313111,212,2111,106333333,106331111,106222211,1
05222221,10522111,205211111,10521,105111,104311111,10431,404221111,10422,204211,
1041111,204,20311111,3031,2022,202111111,10211/16311111,15421111,154111111,15321
1111,153111,152,145222221,145211111,144311111,144222222,244221111,144211,2441111
,24311111,3431,142111111,24211,136222222,235322222,135321111,235222111,1352111,1
3511111,43421111,2342,434111111,33411,433211111,33321,533111,332,1311,126333333,
126332222,126222211,12531111,325222221,22522111,425211111,12521,125111,324311111
,12431,224222222,724221111,12422,524211,4241111,224,62311111,7231,2222,222111111
,42211,116322221,116222222,116221111,315322222,315321111,115311,415222111,115221
,2152111,21511111,1151,71421111,3142,614111111,51411,1133,613211111,51321,613111
,412,1111,106332222,106322111,106111111,10531111,205222221,20522111,305211111,10
521,105111,304311111,10431,204222222,404221111,10422,304211,4041111,104,30311111
,5031,1022,102111111,30211/1711,1622,162111111,16211,160,1533,253211111,15321,15
2,2511,244311111,14431,144222222,144221111,14311111,1431,3422,242111111,24211,14
0,135411111,235322222,135321111,13421111,1342,134111111,2333,433211111,33321,133
111,132,3311,126422222,126333333,126332222,12531111,125222221,125211111,1244,424
311111,12431,224222222,324221111,12422,124211,12311111,2231,3222,222111111,32211
,120,117433333,116322221,116222222,115411111,315322222,215321111,115222111,21421
111,1142,114111111,11411,2133,413211111,31321,113111,112,2111,107333332,10642222
2,106333333,106332222,105222221,10522111,105211111,204311111,10431,104222222,204
221111,104211,10311111,1031,2022,102111111,10211/1622,153211111,15321,1511,14431
1111,144222222,144221111,14422,1431,1422,142111111,24211,140,135322222,135321111
,13421111,134111111,13411,1333,333211111,23321,133111,132,2311,126422222,1252222
21,12522111,125211111,224311111,12431,124222222,324221111,124211,124,22311111,22
31,3222,222111111,12211,116322221,115411111,215322222,115321111,115222111,115111
11,21421111,1142,214111111,11411,1133,313211111,21321,113111,112,1111,106332222,
10622222,10531111,105222221,105211111,1044,204311111,204222222,104221111,10422,2
041111,1031,20211,100/1631,15421111,154111111,15411,153211111,15321,153111,152,1
45222221,14522111,145211111,144311111,144222222,344221111,14422,244211,2441111,1
44,34311111,3431,1422,142111111,24211,136322221,235322222,235321111,335222111,13
5221,1352111,23511111,53421111,2342,534111111,43411,533211111,43321,533111,332,1
311,126422222,126332222,126322111,12622222,126222211,22531111,425222221,32522111
,525211111,12521,225111,424311111,12431,324222222,824221111,22422,524211,6241111
,224,52311111,8231,2222,222111111,42211,216322221,116311111,116222222,11622211,1
16221111,115411111,415322222,415321111,115311,515222111,115221,3152111,31511111,
1151,81421111,3142,714111111,61411,1133,613211111,51321,613111,312,1111,10642222
2,106332222,106322111,106222211,10621111,10531111,1053,305222221,30522111,405211
111,10521,105111,304311111,10431,204222222,504221111,10422,404211,3041111,204,40
311111,4031,1022,102111111,20211/180,1711,1622,162111111,1533,153211111,1511,144
4,144311111,144222222,1422,14211,140,135411111,135322222,1333,133211111,13321,13
11,126422222,126333333,124311111,12431,124221111,2222,122111111,117433333,115322
222,115321111,1133,113211111,11321,1111,108444444,106332222,104311111,104222222,
10422,10211,100/1711,1622,162111111,16211,160,1533,253211111,15321,152,2511,2443
11111,14431,144222222,144221111,14311111,1431,3422,242111111,24211,140,135411111
,235322222,135321111,13421111,1342,134111111,2333,433211111,33321,133111,132,331
1,126422222,126333333,126332222,12531111,125222221,125211111,1244,424311111,1243
1,224222222,324221111,12422,124211,12311111,2231,3222,222111111,32211,120,117433
333,116322221,116222222,115411111,315322222,215321111,115222111,21421111,1142,11
4111111,11411,2133,413211111,31321,113111,112,2111,107333332,106422222,106333333
,106332222,105222221,10522111,105211111,204311111,10431,104222222,204221111,1042
11,10311111,1031,2022,102111111,10211/164221111,155322222,155222111,15421111,154
111111,15411,153211111,15321,153111,146332222,245222221,14522111,245211111,14511
1,244311111,244222222,344221111,14422,244211,3441111,144,24311111,3431,1422,2421
1,136322221,136222222,136221111,335322222,335321111,435222111,135221,2352111,335
11111,1351,63421111,2342,634111111,53411,1333,533211111,43321,533111,232,1311,12
6422222,126333333,126332222,126331111,126322111,226222211,12621111,126111111,225
31111,525222221,52522111,725211111,22521,325111,424311111,22431,224222222,*10242
21111,22422,624211,6241111,424,62311111,8231,3222,322111111,32211,216322221,1163
2111,116311111,216222222,11622211,216221111,1161111,115411111,415322222,51532111
1,11532,115311,615222111,215221,4152111,51511111,2151,91421111,4142,814111111,81
411,1133,613211111,61321,613111,412,2111,106421111,206332222,106322111,10622222,
106222211,1062211,10621111,106111111,20531111,305222221,30522111,505211111,20521
,205111,404311111,10431,304222222,404221111,30422,404211,6041111,204,30311111,50
31,1022,40211,100/&
!1.0+&
!4.21111111+&
!22.21+&
!50.3111111+&
!117.42222222+&
!174.3+&
!250.42111111+&
!414.411111+&
!593.52222221+&
!858.63333333+&
!1003.411+&
!1214.42+&
!1374.51111+&
!1820.51111111+&
!2167.5211111+&
!2638.63222222+&
!3122.62222211+&
!3755.51+&
!4281.63111111+&
!5007.62211111+&
!5787.73333332+&
!6449.6222222+&
!6982.6111111+&
!7873.84444444+&
!8176.73333332+&
!8838.621111


