/10/111,120/1021,110,121/140,131,122,121,120,1121,111,102,100/131,130,1221,121,1
12,111,110,101/141,1321,132,131,130,1221,122,221,120,1131,1121,112,211,110,101/1
421,141,132,131,130,1231,1221,122,221,1121,112,111,110,103,1021,101/142,1321,131
,1231,122,121,120,1121,111,1042,102,100/151,150,1421,142,241,140,1331,2321,232,3
31,130,1231,123,2221,322,421,220,1131,113,2121,312,311,110,1031,1021,102,101/160
,151,142,141,140,133,1321,132,231,130,1231,1221,222,121,120,1131,113,1121,112,21
1,102,100/161,1521,152,151,150,1431,143,2421,242,341,140,2331,133,2321,432,431,2
30,1241,3231,223,4221,422,521,120,1142,2131,113,2121,412,311,210,1041,1031,103,2
021,102,201/1521,152,151,1431,1421,242,241,140,2331,133,3321,332,431,130,1242,22
31,123,3221,422,421,220,1141,2131,113,3121,312,411,110,1031,202,101,100/1621,161
,1531,1521,252,251,150,2431,143,3421,342,441,140,1342,1341,3331,233,4321,632,531
,230,1241,4231,323,5221,522,621,120,1142,1141,114,4131,213,3121,612,411,210,1031
,103,2021,102,201/162,161,160,1531,2521,152,251,1442,2431,143,2421,442,341,240,1
341,3331,233,4321,432,531,130,1242,1241,124,4231,223,3221,722,421,220,1141,3131,
313,4121,312,411,1042,104,1031,103,302,101,200/1631,1621,162,1531,153,1521,252,2
51,1442,1441,3431,243,3421,442,341,140,1342,1341,4331,233,4321,532,431,130,1252,
1242,2241,124,5231,323,4221,622,521,220,1142,1141,3131,213,3121,412,411,110,1051
,1042,1041,2031,103,2021,202,101/162,1531,153,1521,152,151,2431,143,2421,342,241
,140,1342,1341,3331,233,3321,432,431,130,1242,1241,3231,123,3221,522,421,220,115
2,1142,1141,3131,213,3121,312,411,110,1031,1021,102,101,100/163,1531,152,1441,14
31,143,1421,142,141,1342,1331,133,1321,232,131,130,1252,1241,2231,123,2221,122,2
21,1142,1131,212,111,110,1063,1041,103,1021,101/171,170,1621,162,261,160,1531,15
3,2521,352,451,250,1441,3431,243,4421,542,641,240,1342,1341,134,5331,433,5321,83
2,731,330,1242,2241,124,6231,523,6221,822,721,220,1142,2141,114,5131,413,4121,71
2,511,210,1041,2031,203,2021,202,201/1721,172,171,2631,163,2621,362,361,160,1542
,1541,5531,353,5521,752,651,250,2442,3441,144,9431,643,9421,*1242,*1041,340,1352
,3342,5341,234,*13331,933,*11321,*1632,*1331,430,1252,1251,4242,6241,224,*14231,
*1023,*12221,*1722,*1321,420,1152,1151,3142,5141,214,*11131,813,9121,*1312,*1011
,310,1052,1042,2041,104,4031,303,3021,502,401,100/180,171,162,161,160,153,1521,1
52,251,150,144,1431,143,1421,342,241,240,1341,2331,233,2321,232,331,1242,1241,12
4,2231,223,1221,422,221,220,1141,2131,213,2121,112,211,1042,104,1031,202,100/181
,1721,172,171,170,1631,163,2621,262,361,160,1541,154,3531,253,3521,552,551,250,1
442,2441,144,5431,543,5421,742,741,240,1351,2342,4341,234,8331,633,7321,*1032,73
1,330,1252,2242,4241,224,8231,723,6221,922,821,220,1152,1151,2142,4141,214,7131,
513,5121,812,511,210,1042,1041,2031,203,2021,202,201/1731,1721,172,171,1642,2631
,163,2621,362,261,160,1542,2541,5531,353,5521,652,551,150,1452,2442,3441,144,843
1,543,6421,*1042,741,240,1352,1351,3342,5341,234,*11331,833,9321,*1232,931,230,1
252,1251,4242,5241,324,*11231,823,8221,*1322,821,320,1152,1151,115,2142,5141,214
,9131,713,7121,912,711,110,1042,2041,104,3031,203,2021,402,201,100/1731,173,172,
1641,2631,263,2621,262,161,2542,2541,154,5531,453,3521,652,351,150,1452,2442,444
1,144,8431,643,6421,842,641,140,2352,1351,4342,5341,234,*11331,733,7321,*1232,83
1,330,1263,2252,1251,3242,6241,124,*10231,823,9221,*1022,921,220,1162,2152,1151,
4142,4141,214,8131,513,5121,*1012,611,310,1052,2041,3031,203,3021,202,301/1821,1
81,1731,1721,272,271,170,1641,3631,263,4621,462,561,160,2542,2541,154,6531,453,6
521,952,751,350,1452,1451,2442,5441,244,*11431,943,*10421,*1242,*1141,240,1352,1
351,4342,7341,434,*14331,*1033,*10321,*1732,*1131,430,2252,2251,125,4242,9241,42
4,*15231,*1323,*12221,*1522,*1221,220,1152,1151,4142,6141,414,*11131,813,7121,*1
312,711,310,1052,1051,105,1042,3041,104,5031,503,4021,302,401/182,181,180,1731,1
73,2721,272,371,170,1642,1641,4631,263,4621,662,561,260,1552,2542,3541,154,8531,
653,7521,*1052,951,350,1452,1451,4442,6441,344,*13431,943,*10421,*1642,*1141,440
,2352,2351,135,5342,9341,434,*17331,*1433,*13321,*1832,*1331,330,2252,2251,125,5
242,*10241,624,*17231,*1423,*11221,*1922,*1221,420,2152,2151,115,4142,8141,514,*
13131,*1213,9121,*1312,911,210,1051,2042,3041,204,5031,303,3021,602,201,100/182,
1731,173,1721,172,171,1642,1641,164,3631,263,2621,462,261,160,1542,3541,154,6531
,553,5521,652,551,150,1452,1451,4442,5441,344,*10431,743,6421,*1242,741,340,2352
,1351,3342,7341,234,*12331,*1033,*10321,*1232,*1031,230,1262,3252,2251,6242,7241
,424,*13231,923,8221,*1522,921,420,1163,2152,1151,2142,6141,114,9131,713,8121,81
2,811,110,1062,1052,1051,3042,2041,204,4031,203,1021,602,201,200/1831,1821,182,1
742,1741,3731,273,2721,372,271,2642,3641,164,7631,563,5621,862,561,160,2552,1551
,4542,7541,354,*14531,*1053,*10521,*1452,951,250,3452,2451,7442,*11441,544,*2043
1,*1543,*14421,*2142,*1341,440,1363,1362,5352,4351,135,9342,*16341,734,*25331,*2
033,*17321,*2532,*1731,430,1262,5252,4251,125,9242,*15241,724,*25231,*1823,*1622
1,*2522,*1621,420,1163,1162,1161,5152,4151,115,7142,*13141,614,*19131,*1513,*131
21,*1812,*1211,310,1052,1051,3042,3041,204,6031,503,4021,702,401,200/183,1741,17
4,1731,173,172,1642,2641,164,3631,363,1621,262,161,1552,1551,2542,4541,254,5531,
553,3521,552,251,150,2452,1451,3442,5441,244,8431,743,5421,742,541,140,1363,1362
,3352,2351,4342,7341,334,*10331,733,6321,*1032,631,230,1263,1262,3252,1251,4242,
6241,224,9231,723,6221,922,721,220,1173,1163,1162,3152,2151,3142,5141,214,7131,5
13,5121,712,511,210,1052,1042,1041,2031,203,2021,202,201/1831,183,1821,182,181,1
742,1741,3731,273,2721,472,271,170,1652,2642,4641,164,8631,663,6621,862,661,160,
2552,1551,5542,7541,354,*14531,*1053,9521,*1552,951,350,1463,4452,3451,145,7442,
*13441,544,*21431,*1743,*15421,*2042,*1441,340,1362,5352,4351,135,*10342,*15341,
834,*25331,*1933,*15321,*2632,*1531,530,1263,1262,1261,6252,5251,225,8242,*18241
,824,*25231,*2123,*17221,*2322,*1621,320,1162,4152,4151,115,8142,*11141,714,*181
31,*1413,*10121,*1912,*1011,410,1063,1061,2052,2051,105,1042,6041,204,7031,703,6
021,502,501/1842,1831,182,1741,2731,173,2721,172,171,1652,2642,2641,164,4631,363
,2621,562,261,160,1552,1551,2542,4541,154,7531,553,5521,652,451,1462,2452,2451,5
442,6441,444,*10431,743,5421,*1142,541,240,1363,3352,2351,135,3342,8341,334,*113
31,*1033,8321,932,731,130,1262,1261,3252,3251,125,6242,8241,524,*12231,823,6221,
*1222,521,220,2152,2151,115,2142,6141,214,8131,713,6121,612,511,1062,106,1052,10
51,3042,2041,304,3031,203,502,101,200/1841,1831,183,1742,1741,174,2731,273,1721,
272,1652,1651,2642,4641,264,5631,563,3621,462,261,2552,1551,3542,6541,354,9531,7
53,4521,852,451,150,1463,1462,4452,3451,145,5442,*10441,444,*13431,*1143,8421,*1
142,741,140,1363,1362,4352,3351,7342,*10341,534,*14331,*1133,9321,*1432,831,330,
1273,1263,2262,1261,6252,4251,125,6242,*11241,524,*15231,*1223,9221,*1322,921,22
0,1163,1162,3152,2151,4142,7141,314,*10131,713,6121,*1012,611,210,1072,1063,1062
,2052,2051,105,2042,4041,104,4031,403,3021,302,301/184,1741,173,1651,1642,1641,1
64,1631,163,162,1552,2541,154,2531,253,1521,152,151,1462,1452,1451,2442,2441,244
,3431,243,1421,342,141,140,1363,1352,1351,1342,3341,3331,333,3321,232,231,1273,1
262,2252,1251,2242,2241,224,3231,223,1221,422,221,120,1163,1152,2141,2131,213,21
21,112,211,1084,1062,1051,2042,104,1031,202,100/&
!1.0+&
!4.1+&
!12.11+&
!25.2+&
!62.s1+&
!95.21+&
!159.211+&
!228.22+&
!280.s2+&
!397.3+&
!490.31+&
!652.s21+&
!792.311+&
!978.3111+&
!1167.321+&
!1393.32+&
!1580.33+&
!1728.s3+&
!1957.s31+&
!2290.4+&
!2477.41+&
!2773.s311+&
!3107.s32+&
!3434.411+&
!3822.4111+&
!4236.42+&
!4625.421+&
!5109.43+&
!5497.4211+&
!6012.422+&
!6438.431+&
!6931.44






