/10/121111111/142222222,121,10/13111111,121111111/163333333,142111111,13111111,1
21111111/152222221,142222222,142111111,23111111,13,221111111,121/142222222,14111
11,13111111,121,10/152222221,151111,142222222,142111111,1411111,13,121,121111111
/163333333,162222211,252222221,15211111,151111111,142222222,342111111,1411111,14
11,43111111,23,321111111,121/163222222,16222222,152222221,151111111,342222222,14
2111111,142,2411111,13111111,13,321,20/173333332,163333333,163222222,252222221,1
5211111,151111111,242222222,342111111,1411111,1411,33111111,13,221111111,221/184
444444,163222222,152222221,242222222,142,1411111,13,121,10/1*105555555,184333333
,173333332,263333333,163111111,162222211,152222221,15211111,151111111,242111111,
1411,23111111,121111111/&
!1.0+&
!4.1+&
!14.2+&
!31.11+&
!50.3+&
!89.21+&
!145.111+&
!179.1111+&
!241.211+&
!349.22+&
!439.31+&
!557.4+&
!619.5



