/10/111/1211,10/13111,111/141111,1211,10/1511111,13111,111/16111111,1622222,1411
11,1211,10/17222221,16,1511111,13111,111/18333322,1711111,16111111,1622222,14111
1,1211,10/19444333,18222211,17222221,16,1511111,13111,111/1*10554444,19333222,18
2222,18333322,1711111,16111111,1622222,141111,1211,10/1*11655555,1*10443333,1933
3211,19444333,18222211,17222221,16,1511111,13111,111/1*12666666,1*11544444,1*105
54444,1*10443322,19333222,1933311,18333322,182222,1711111,1622222,16111111,14111
1,1211,10/1*12555555,1*11655555,1*11544433,1*10443333,1*10443221,19444333,193332
11,19333,18222211,17222221,16,1511111,13111,111/122,12111111/13211111,1321,12,11
1/14221111,14211,1311111,131,122,12111111,1211/15222111,152111,1421111,14111111,
1411,13211111,1321,13111,12,111/16222211,1621111,15222221,1522111,15211111,15111
,14221111,14211,141111,14,1311111,131,122,12111111,1211/1732222,17222221,1721111
1,16322221,16222222,1622211,16221111,161111,15222111,152111,2511111,151,1421111,
14111111,1411,13211111,1321,13111,12,111/18333331,18322221,18222222,17333332,173
32221,17322222,1722221,17222111,1711111,171,1622222,26222211,2621111,26111111,16
11,15222221,1522111,15211111,15111,14221111,14211,141111,14,1311111,131,122,1211
1111,1211/19433322,19333332,18433332,18333333,18333221,18332222,1822222,18222211
,1821111,18111111,17333222,1732222,17322211,37222221,1722111,27211111,17111,1632
2221,16222222,1622211,16221111,261111,16,15222111,152111,2511111,151,1421111,141
11111,1411,13211111,1321,13111,12,111/1*10544333,1*10444433,19444443,19443332,19
433333,19333321,19333222,19322211,19222221,18443333,18433222,18333331,28333322,1
8332211,28322221,28222222,1822211,18221111,181111,17333332,17332221,17322222,272
2221,27222111,172111,2711111,171,1622222,26222211,2621111,26111111,1611,15222221
,1522111,15211111,15111,14221111,14211,141111,14,1311111,131,122,12111111,1211/1
*11654444,1*11555444,1*10544443,1*10444444,1*10444332,1*10443333,1*10433222,1*10
333322,19544444,19543333,29444333,19443222,29433322,29333332,19333211,19332221,1
9322222,193222,1922221,19222111,18433332,18333333,28333221,28332222,1832221,1832
2111,1822222,38222211,182211,1821111,18111111,17333222,1732222,17322211,37222221
,172221,1722111,27211111,17111,16322221,16222222,1622211,16221111,261111,16,1522
2111,152111,2511111,151,1421111,14111111,1411,13211111,1321,13111,12,111/1*12755
555,1*12665555,1*11555554,1*11554443,1*11544444,1*11543333,1*11444333,1*10644444
,1*10555555,2*10554444,1*10553333,2*10544333,2*10444433,1*10444222,1*10443322,1*
10433332,1*10433211,1*10333333,1*10333311,1*10333221,1*10332222,19444443,2944333
2,29433333,19433221,19432222,29333321,39333222,1933221,19332111,29322211,1922222
1,192221,18443333,18433222,18333331,28333322,18333111,28332211,28322221,183221,2
8222222,182222,2822211,18221111,181111,17333332,17332221,17322222,2722221,272221
11,172111,2711111,171,1622222,26222211,2621111,26111111,1611,15222221,1522111,15
211111,15111,14221111,14211,141111,14,1311111,131,122,12111111,1211/1*13766666,1
*12655554,1*12644444,1*12555555,1*12554444,2*11655555,2*11654444,2*11555444,1*11
554333,1*11544433,1*11543322,1*11444443,1*11444322,1*11443332,1*11433333,2*10544
443,1*10543332,1*10533333,2*10444444,2*10444332,3*10443333,1*10443221,1*10442222
,1*10433321,2*10433222,1*1043311,2*10333322,1*1033321,1*10333111,1*10332211,1954
4444,19543333,29444333,29443222,39433322,19433111,19432211,29333332,1933322,3933
3211,29332221,193321,19322222,193222,1932211,1922221,19222111,18433332,18333333,
28333221,28332222,1833211,1832221,18322111,1822222,38222211,18222,182211,1821111
,18111111,17333222,1732222,17322211,37222221,172221,1722111,27211111,17111,16322
221,16222222,1622211,16221111,261111,16,15222111,152111,2511111,151,1421111,1411
1111,1411,13211111,1321,13111,12,111/133,13211111,111/14311111,14222222,1422,131
,2211,10/14311111,1431,14221111,1311111,131,222,22111111,1211/144,14311111,14222
222,122,1211,10/15322222,15321111,15221,1421111,142,14111111,1411,23211111,2321,
23111,12,111/15411111,15322222,15321111,1532,1421111,142,14111111,1411,133,33211
111,3321,13111,22,211/15321111,15311,15222111,2421111,142,14111111,1411,133,3321
1111,2321,23111,22,111/15411111,1541,15322222,15321111,1421111,142,14111111,233,
33211111,2321,13111,12,211/155,15411111,15322222,133,13211111,1321,111/16332222,
16322111,162211,1531111,15222221,1522111,25211111,1521,15111,24311111,24222222,2
4221111,2422,24211,341111,1311111,331,3211,10/16422222,16333333,16331111,16222,1
522111,15211111,1521,14311111,1431,34221111,24211,14,2311111,131,222,12111111/16
322111,163111,16222211,1531111,15222221,2522111,25211111,1521,15111,14311111,143
1,44221111,34211,241111,14,3311111,331,222,22111111,1211/16422222,16421111,16332
222,16331111,16322111,16321,2531111,153,25222221,2522111,35211111,2521,15111,543
11111,3431,24222222,64221111,3422,54211,241111,14,4311111,731,322,32111111,5211/
16421111,16332222,1633,1531111,15211111,1521,144,34311111,1431,24222222,14221111
,2422,14211,241111,1311111,231,122,4211,20/16421111,16411,16332222,16322111,2531
111,153,15222221,1522111,25211111,1521,144,44311111,2431,24222222,34221111,1422,
34211,341111,3311111,431,222,12111111,4211,10/16511111,26422222,16421111,1642,16
333333,16331111,1531111,153,15222221,1522111,25211111,1521,144,44311111,4431,142
22222,54221111,1422,24211,14,3311111,431,522,42111111,2211/16511111,1651,1642222
2,16421111,16332222,1531111,153,15222221,15211111,244,44311111,2431,24222222,242
21111,1422,14211,1311111,231,222,12111111,3211,10/166,16511111,16422222,16333333
,144,14311111,1431,14221111,222,12111111/&
!1.0+&
!4.1+&
!8.11+&
!16.111+&
!26.1111+&
!41.11111+&
!59.111111+&
!91.1111111+&
!121.11111111+&
!170.111111111+&
!218.1111111111+&
!294.11111111111+&
!373.111111111111+&
!490.1111111111111+&
!608.2+&
!621.21+&
!642.211+&
!687.2111+&
!752.21111+&
!856.211111+&
!1001.2111111+&
!1210.21111111+&
!1478.211111111+&
!1839.2111111111+&
!2313.21111111111+&
!2948.211111111111+&
!3717.3+&
!3734.22+&
!3769.31+&
!3822.4+&
!3856.221+&
!3933.32+&
!4022.311+&
!4103.41+&
!4187.5+&
!4231.2211+&
!4366.222+&
!4478.3111+&
!4617.321+&
!4800.33+&
!4923.411+&
!5086.42+&
!5259.51+&
!5410.6

