/10/111/122,1111111/1211/133,1221111,10/1321,1221111,12/13111/144,1331111,122222
2,111/1431,1331111,1322111,131,121111,111/1422,1331111,131,1222222,111/14211,132
2111,131,121111/141111/1511111,142222/152111,1422211,1411,132111,1311111/15221,1
432111,142,1411,1332222,132111,1311111,122,1211,1111111/15311,1432111,1422211,14
2,1411,232111,1311111,2211/1532,1441111,1432111,142,1411,1332222,132111,1311111,
222,1211,1111111/1541,1441111,1432111,142,1332222,132111,1311111,122,1211,111111
1/155,1441111,1332222,122,1111111/16,1522221/1621111,153222,1522221,15111,142211
,1421111,140,1322221/162211,1532211,1521,15111,1433222,143111,142211,2421111,132
2221,1321,23111,1221111,120/16222,1533111,1521,1442222,142211,1421111,140,133333
3,133,1321,2221111,10/163111,1532211,1522221,1521,15111,143111,242211,2421111,14
0,1322221,1321,23111,1221111/16321,1542111,1533111,1532211,153,2521,15111,144222
2,1433222,243111,242211,3421111,140,133,2322221,4321,23111,3221111,220/1633,1542
111,1521,1433222,143111,1421111,133,1321,23111,1221111/16411,1542111,1532211,153
,1521,1433222,243111,142211,2421111,1322221,2321,33111,1221111,120/1642,1551111,
1542111,1533111,153,1521,2442222,143111,142211,2421111,140,1333333,233,1322221,2
321,3221111,120,10/1651,1551111,1542111,153,1442222,1433222,143111,1421111,133,1
322221,1321,2221111,120/166,1551111,1442222,1333333,133,1221111,10/161111,153332
2/171,1632221,1622222,161111,1533331,152221,1522111,151,1432221,1422222,141111/1
722111,163322,1632221,16211,161111,1533322,153211,1531111,152221,2522111,151,243
2221,1422222,24211,241111,2322111,131,121111/172221,1633211,1622,16211,1543222,1
53211,1531111,152221,2522111,151,1443333,1432221,1431,1422222,1422,24211,141111,
2331111,2322111,231,1222222,121111,111/1731111,164222,1632221,1622222,16211,1611
11,1533331,153211,1531111,252221,2522111,251,2432221,1422222,1422,14211,341111,1
331111,1322111,131,1222222/173211,1642211,1633211,1632221,1631,1622,26211,161111
,1543222,154111,1533322,353211,3531111,252221,4522111,251,4432221,2431,2422222,2
422,64211,441111,3331111,5322111,431,1222222,321111,111/17322,1643111,1633211,16
31,1622,16211,1552222,1543222,253211,2531111,152221,2522111,251,1443333,144,2432
221,2431,1422222,3422,24211,241111,4331111,3322111,331,2222222,121111,211/17331,
1643111,1642211,1631,1622,16211,1543222,154111,1533322,253211,2531111,2522111,15
1,2432221,3431,1422222,1422,44211,241111,2331111,4322111,331,221111/174111,16422
11,1632221,1631,16211,154111,1533322,253211,2531111,152221,2522111,151,2432221,1
431,1422222,1422,44211,341111,1331111,3322111,231,121111/17421,1652111,1643111,1
642211,164,1633211,2631,1622,16211,1552222,2543222,254111,353211,4531111,152221,
3522111,251,1443333,144,4432221,4431,2422222,3422,54211,341111,5331111,5322111,5
31,2222222,321111,211/1743,1652111,1643111,1631,1622,1552222,1543222,154111,1532
11,2531111,1522111,151,1443333,144,1432221,2431,1422222,1422,24211,141111,333111
1,2322111,231,1222222,121111,111/17511,1652111,1642211,164,1631,1543222,254111,1
533322,153211,2531111,1522111,2432221,2431,1422222,34211,141111,1331111,3322111,
231,221111/1752,1661111,1652111,1643111,164,1631,2552222,1543222,154111,153211,2
531111,1522111,151,1443333,244,2432221,2431,1422222,1422,141111,4331111,2322111,
231,2222222,121111,211/1761,1661111,1652111,164,1552222,1543222,154111,1531111,1
443333,144,1432221,1431,1422222,2331111,1322111,131,1222222,121111,111/177,16611
11,1552222,1443333,144,1331111,1222222,111/1622211,1544333/172111,1711111,164332
2,1633332,162222,1622211,1611,1533221,1532222,152111,1511111,1433332,1422211/181
1,1733221,1732222,172111,1711111,1643331,1633332,163221,1632111,162222,2622211,1
62,1611,1542221,2533221,2532222,15221,352111,2511111,1433332,1432111,242222,2422
211,2411,1332222,132111,1311111/1822211,173332,1733221,17221,172111,1643322,1633
11,163221,2632111,162222,2622211,2611,1544333,1542221,2533221,2532222,25311,2522
1,352111,1511111,1433332,3432111,4422211,242,2411,1332222,332111,2311111,2211/18
2222,1733311,17221,1644222,163221,1632111,1622211,162,1553333,1533221,1532222,15
32,25221,152111,1511111,1444444,1441111,2432111,142222,142,2411,2332222,132111,1
311111,222,1111111/182,1742221,1732222,172111,1711111,1643331,1633332,163221,163
2111,262222,2622211,162,2611,1542221,2533221,2532222,15221,352111,3511111,143333
2,1432111,242222,2422211,142,1411,1332222,132111,1311111/1832111,174322,1742221,
1733221,1732222,17311,17221,272111,1711111,1643331,1643322,164211,1641111,163333
2,163311,363221,4632111,262222,4622211,262,3611,3542221,5533221,4532222,1532,353
11,45221,952111,4511111,1441111,2433332,6432111,342222,7422211,342,6411,3332222,
632111,4311111,122,2211,1111111/183221,1743211,1733311,1733221,1732,17311,27221,
172111,1653222,1644222,1643322,164211,1641111,263311,363221,5632111,162222,36222
11,262,3611,1553333,1544333,3542221,1541,4533221,4532222,3532,45311,65221,752111
,3511111,3441111,2433332,9432111,242222,6422211,642,7411,5332222,732111,5311111,
322,4211,2111111/183311,1743211,1742221,1732,17311,17221,172111,1644222,1643322,
264211,1641111,1633332,163311,263221,4632111,2622211,262,1611,3542221,1541,35332
21,3532222,2532,45311,55221,652111,3511111,2441111,1433332,7432111,342222,542221
1,442,6411,3332222,632111,4311111,222,2211,1111111/18332,1744111,1743211,1732,17
311,17221,1653222,1643322,164211,1641111,263311,163221,3632111,1622211,162,2611,
1544333,2542221,1541,2533221,2532222,3532,45311,25221,452111,1511111,2441111,143
3332,6432111,5422211,442,4411,2332222,532111,3311111,122,3211/1841111,175222,174
2221,1732222,17311,172111,1643331,164211,1641111,1633332,263221,2632111,162222,2
622211,262,1611,2542221,2533221,2532222,1532,15311,35221,552111,3511111,1441111,
1433332,3432111,342222,3422211,242,4411,2332222,232111,2311111,122/184211,175221
1,1743211,1742221,1741,1733221,1732,27311,17221,172111,1653222,165111,2643322,36
4211,3641111,263311,363221,6632111,162222,3622211,262,3611,1544333,5542221,2541,
5533221,5532222,3532,85311,65221,*1052111,3511111,3441111,2433332,*11432111,2422
22,*10422211,742,8411,4332222,*1032111,6311111,222,5211,1111111/18422,1753111,17
43211,1741,1733311,1732,17311,17221,1662222,1653222,2644222,264211,2641111,16331
1,263221,4632111,1622211,362,1611,2553333,155,3542221,2541,3533221,3532222,4532,
25311,55221,552111,3511111,1444444,5441111,1433332,8432111,342222,2422211,542,64
11,6332222,532111,4311111,522,2211,3111111/18431,1753111,1752211,1744111,1743211
,1741,2732,17311,17221,2653222,165111,1644222,1643322,364211,3641111,263311,1632
21,5632111,1622211,262,2611,1553333,1544333,4542221,3541,3533221,4532222,4532,75
311,45221,652111,2511111,4441111,2433332,*10432111,142222,6422211,742,7411,43322
22,832111,5311111,222,4211,1111111/1844,1753111,1732,1662222,1644222,164211,1641
111,1632111,162,1553333,1542221,1541,1532222,1532,25221,152111,1511111,1444444,2
441111,2432111,142222,242,1411,2332222,132111,1311111,222,1111111/185111,1752211
,1742221,1741,17311,165111,1643322,264211,2641111,1633332,163221,2632111,1622211
,162,2542221,1541,2533221,2532222,1532,45311,25221,452111,1511111,1441111,143333
2,4432111,142222,4422211,242,4411,1332222,432111,2311111,1211/18521,1762111,1753
111,1752211,175,1743211,2741,1732,17311,1662222,2653222,265111,1644222,1643322,3
64211,4641111,163311,163221,4632111,1622211,262,1611,1553333,155,1544333,5542221
,4541,3533221,4532222,3532,55311,35221,552111,2511111,5441111,2433332,9432111,24
2222,5422211,642,5411,5332222,732111,5311111,322,4211,2111111/1853,1762111,17531
11,1744111,1741,1732,1662222,2653222,165111,164211,2641111,163311,2632111,162,16
11,1553333,155,1544333,2542221,2541,1533221,2532222,2532,25311,252111,1511111,44
41111,1433332,4432111,2422211,342,2411,3332222,332111,2311111,222,2211,1111111/1
8611,1762111,1752211,175,1741,1653222,265111,1643322,164211,2641111,1632111,1544
333,2542221,2541,1533221,2532222,35311,152111,1441111,1433332,3432111,3422211,24
2,1411,1332222,332111,2311111,2211/1862,1771111,1762111,1753111,175,1741,2662222
,1653222,165111,1644222,164211,2641111,1632111,162,2553333,255,2542221,2541,1533
221,2532222,1532,152111,1511111,1444444,4441111,1433332,3432111,142222,242,1411,
4332222,232111,2311111,322,1211,2111111/1871,1771111,1762111,175,1662222,1653222
,165111,1641111,1553333,155,1544333,1542221,1541,1532222,2441111,1433332,1432111
,142,2332222,132111,1311111,122,1211,1111111/188,1771111,1662222,1553333,155,144
4444,1441111,1332222,122,1111111/1633222,16222,1554444/1732211,1722221,17111,165
4333,1644433,1633321,1633222,162211,1621111,1543332,1533333,1532211,1522221,1511
1,1433222/182211,1821111,180,1744322,1743332,1733333,173222,1732211,2722221,1721
,17111,1644442,1643221,1642222,2633321,2633222,163111,16222,262211,3621111,160,2
543332,1533333,1533111,253222,2532211,4522221,1521,25111,1442222,1433222,242211,
2421111,140,1333333,1322221/1633211,1643333,1555555/&
!1.0+&
!4.1+&
!8.2+&
!20.11+&
!25.3+&
!40.21+&
!56.111+&
!62.4+&
!86.31+&
!122.22+&
!151.211+&
!176.1111+&
!183.11111+&
!198.2111+&
!233.221+&
!296.311+&
!347.32+&
!417.41+&
!482.5+&
!514.111111+&
!525.21111+&
!581.2211+&
!668.222+&
!742.3111+&
!829.321+&
!951.33+&
!1015.411+&
!1107.42+&
!1219.51+&
!1304.6+&
!1347.1111111+&
!1362.211111+&
!1439.22111+&
!1565.2221+&
!1719.31111+&
!1867.3211+&
!2056.322+&
!2234.331+&
!2388.4111+&
!2537.421+&
!2742.43+&
!2913.511+&
!3051.52+&
!3223.61+&
!3351.7+&
!3403.11111111+&
!3419.2111111+&
!3517.221111+&
!3712.22211+&
!3918.2222+&
!4099.311111+&
!4297.32111+&
!4592.3221+&
!4897.3311+&
!5171.332+&
!5422.41111+&
!5667.4211+&
!5984.422+&
!6283.431+&
!6595.44+&
!6786.5111+&
!7022.521+&
!7342.53+&
!7599.611+&
!7795.62+&
!8040.71+&
!8205.8+&
!8273.111111111+&
!8295.21111111+&
!8410.2211111+&
!8668.1111111111

